279 292 102 231 345 269
235 270 105 168 347 277
253 278 127 250 278 282
238 252 100 241 324 240
180 226 258 379 152 114
204 245 252 330 147 128
205 222 245 344 149 157
356 323 183 259 305 240
325 324 188 313 296 273
313 332 234 307 231 221
305 313 221 313 241 210
306 290 214 327 243 239
289 253 196 286 244 205
291 264 187 318 289 197
267 307 212 352 268 212
265 296 221 320 223 220
290 287 194 304 287 168
298 306 207 298 277 179
284 284 186 323 275 244
330 309 208 278 238 253
313 272 190 237 239 219
269 310 237 244 233 229
261 291 224 250 243 218
282 273 195 291 230 252
162 218 236 297 221 109
177 244 263 306 175 151
179 255 254 338 220 143
136 204 261 316 154 122
307 316 166 231 365 268
249 299 190 270 337 207
241 280 177 276 347 196
288 282 192 245 312 234
295 324 212 225 300 216
287 305 199 231 310 205
308 287 170 272 297 239
310 298 161 304 342 231
242 257 170 290 349 225
264 325 217 279 291 249
256 306 204 285 301 238
257 283 197 299 303 267
312 301 186 196 307 248
281 302 191 250 298 281
266 276 164 241 344 239
264 265 173 209 299 247
192 218 212 385 217 166
240 254 225 372 225 167
248 273 238 366 215 178
200 237 225 379 207 177
191 247 208 344 285 195
199 266 221 338 275 206
198 289 228 324 273 177
229 288 223 270 282 144
243 228 174 331 281 196
259 288 199 358 278 201
258 254 201 340 235 238
260 265 192 372 280 230
222 246 203 290 294 162
237 272 230 299 248 204
245 291 243 293 238 215
230 265 216 284 284 173
216 243 195 309 282 238
215 266 202 295 280 209
223 285 215 289 270 220
264 273 219 323 220 181
245 285 254 320 168 157
246 262 247 334 170 186
247 296 245 352 213 149
244 314 250 279 236 186
201 263 257 257 170 165
202 240 250 271 172 194
272 292 232 317 210 192
224 256 219 330 202 191
203 274 248 289 215 157
270 281 241 285 165 200
204 251 241 303 217 186
221 274 224 257 225 228
