3565 2582
3559 2652
3557 2666
3558 2659
3560 2630
3564 2589
3562 2612
3561 2629
3554 2696
3556 2677
3552 2714
2574 3744
2624 3742
2706 3724
2651 3739
2687 3730
2693 3728
2672 3734
2677 3732
2698 3726
2713 3723
2719 3721
2757 3710
2762 3708
2734 3717
2787 3700
2797 3698
3310 3240
3308 3247
3070 3523
3092 3502
3105 3492
3090 3504
3103 3494
3097 3500
3087 3508
3100 3496
3079 3516
3076 3517
3073 3519
3081 3514
3074 3518
3106 3490
3068 3527
3124 3474
3119 3476
3137 3454
3134 3459
3132 3461
3126 3467
3138 3453
3142 3452
3135 3456
3129 3464
3117 3478
3113 3482
3111 3484
3108 3488
3136 3455
3118 3477
2748 3713
2764 3707
2776 3704
2790 3699
2781 3702
2774 3706
2801 3696
2727 3719
2753 3711
2738 3715
2999 3585
3001 3583
3011 3572
3008 3574
3006 3581
3009 3573
2995 3589
2993 3591
2988 3593
3066 3529
3047 3547
3061 3531
3062 3530
3060 3532
3052 3545
3057 3534
3055 3541
3045 3549
3028 3567
3041 3553
3036 3559
3034 3561
3029 3563
3023 3569
3021 3571
3039 3555
3042 3551
2859 3665
2865 3664
2884 3655
2882 3657
2876 3660
2869 3663
2878 3658
2871 3662
2896 3653
2907 3645
2903 3649
2901 3651
2909 3643
2983 3597
2965 3609
2954 3613
2978 3599
2972 3605
2970 3607
2976 3601
2959 3611
2952 3615
2918 3635
2929 3631
2914 3641
2937 3629
2943 3623
2950 3619
2948 3621
2923 3633
2843 3682
2811 3694
2818 3690
2816 3692
2856 3672
2849 3676
2854 3674
2824 3688
2829 3686
2857 3666
2831 3684
3266 3299
3250 3319
3249 3320
3143 3448
3144 3447
3180 3407
3186 3397
3185 3398
3183 3405
3184 3400
3177 3411
3175 3413
3167 3420
3166 3422
3172 3418
3173 3414
3148 3446
3151 3441
3152 3437
3153 3436
3157 3435
3150 3444
3159 3433
3164 3424
3163 3429
3222 3355
3220 3357
3206 3377
3199 3383
3204 3379
3207 3371
3208 3370
3210 3369
3216 3363
3192 3391
3191 3392
3190 3396
3200 3381
3201 3380
3198 3388
3196 3390
3246 3327
3233 3341
3239 3335
3240 3333
3214 3366
3212 3368
3219 3362
3255 3313
3229 3347
3227 3349
3231 3346
3226 3351
3225 3352
3238 3338
3235 3340
3232 3344
3289 3270
3281 3283
3279 3285
3274 3288
3283 3276
3284 3275
3265 3302
3259 3312
3254 3315
3262 3305
3263 3303
3261 3310
3269 3297
3271 3296
3253 3318
3248 3324
3241 3331
3366 3163
3368 3156
3273 3294
3275 3287
3276 3286
3282 3280
3294 3268
3288 3274
3300 3258
3297 3260
3296 3261
3302 3255
3329 3221
3306 3249
3316 3235
3323 3230
3321 3232
3332 3213
3331 3217
3327 3223
3337 3208
3304 3253
3315 3238
3309 3241
3470 2975
3466 2988
3340 3200
3343 3195
3348 3193
3440 3043
3413 3094
3438 3046
3419 3069
3420 3068
3424 3064
3434 3049
3432 3056
3430 3058
3425 3060
3417 3076
3416 3080
3415 3087
3407 3100
3408 3095
3400 3104
3399 3105
3398 3110
3405 3102
3394 3117
3356 3185
3358 3178
3350 3191
3362 3169
3360 3171
3379 3148
3374 3150
3373 3154
3381 3146
3389 3133
3383 3139
3463 3002
3445 3019
3450 3015
3449 3016
3447 3017
3455 3010
3451 3014
3457 3008
3465 2995
3441 3032
3444 3025
3443 3026
3531 2806
3524 2831
3527 2828
3530 2814
3528 2821
3489 2933
3494 2919
3495 2918
3501 2910
3487 2940
3492 2926
3475 2967
3483 2953
3485 2946
3482 2960
3506 2890
3505 2897
3551 2721
3545 2754
3548 2736
3547 2747
3550 2722
3549 2729
3544 2761
3536 2777
3541 2776
3533 2799
3535 2788
3534 2792
3510 2883
3511 2876
3513 2869
3518 2855
3523 2841
3517 2856
3515 2863
3519 2845
