585 809 471
588 766 478
612 786 435
605 743 452
631 757 427
436 683 554
433 686 550
432 700 556
456 763 520
458 774 511
541 787 474
527 792 495
524 810 500
528 778 489
525 781 504
558 764 512
548 830 457
551 812 452
490 813 481
528 671 547
503 690 547
505 701 538
563 718 514
502 719 543
504 715 525
527 685 534
526 699 540
524 688 549
501 733 530
500 747 536
498 736 545
562 692 523
565 689 508
559 735 516
561 746 507
561 721 519
562 732 501
564 703 514
402 607 591
474 622 560
472 611 569
488 577 561
471 640 565
471 625 575
434 672 563
468 643 580
470 654 571
466 671 573
467 657 567
469 668 558
593 560 506
592 627 525
535 596 543
532 639 536
529 642 551
531 628 554
531 653 542
576 583 532
534 610 549
532 599 558
527 645 556
529 656 547
533 624 536
530 667 529
572 600 534
571 629 530
588 644 527
403 593 585
640 540 451
646 576 450
639 733 391
652 668 384
632 690 408
633 697 392
649 667 446
630 696 454
625 721 428
566 675 521
591 641 512
587 673 523
590 655 518
632 628 501
619 629 494
636 668 439
622 720 490
578 698 493
606 676 497
623 653 471
643 631 447
657 579 396
