7250 5282
7247 5362
7245 5375
7249 5338
7244 5382
7241 5422
7239 5429
7242 5402
7238 5436
7243 5392
7236 5456
5007 7658
5075 7655
5033 7657
5055 7656
5520 7561
5540 7554
5554 7550
5560 7546
5562 7545
5534 7558
5527 7559
5544 7552
5537 7557
5524 7560
5543 7553
5909 7356
5932 7339
5928 7343
5926 7345
5923 7346
5931 7341
5920 7348
5921 7347
5939 7335
5948 7328
5947 7330
5942 7334
5945 7332
5937 7336
5935 7338
5907 7358
5912 7354
5915 7350
5913 7352
5994 7292
5993 7293
5992 7297
5985 7301
5976 7308
5982 7303
5987 7299
5989 7298
5970 7311
5978 7306
5973 7310
5979 7304
5968 7312
5966 7314
5960 7317
5959 7319
5958 7322
5953 7324
5954 7323
5951 7326
5963 7315
6091 7210
6093 7208
6117 7188
6120 7184
6118 7185
6114 7189
6112 7190
6163 7145
6166 7141
6243 7069
6260 7053
6264 7049
6258 7054
6263 7052
6300 7013
6294 7021
6292 7023
6310 7003
6313 7000
6309 7005
6311 7002
6301 7012
6302 7011
6307 7009
6298 7017
6271 7042
6269 7043
6267 7045
6265 7048
6276 7038
6274 7040
6279 7035
6289 7026
6286 7027
6280 7034
6284 7029
6283 7031
6164 7143
6180 7129
6169 7139
6172 7137
6179 7130
6174 7135
6170 7138
6476 6830
6465 6842
6462 6849
6455 6851
6459 6850
6454 6852
6471 6836
6466 6840
6469 6838
6474 6833
6426 6885
6420 6892
6422 6887
6421 6889
6417 6894
6369 6943
6368 6945
6367 6946
6373 6941
6364 6952
6377 6937
6379 6935
6316 6999
6332 6982
6335 6981
6331 6985
6337 6976
6326 6988
6328 6986
6322 6993
6324 6990
6320 6995
6318 6997
6360 6956
6346 6969
6348 6966
6351 6964
6343 6970
6342 6973
6339 6974
6352 6959
6356 6958
6453 6856
6448 6860
6451 6858
6452 6857
6446 6861
6430 6884
6434 6877
6441 6867
6445 6865
6438 6873
6442 6866
6380 6931
6381 6930
6385 6929
6388 6928
6390 6922
6401 6913
6397 6915
6393 6918
6392 6921
6398 6914
6406 6904
6409 6902
6413 6900
6412 6901
6403 6908
6405 6906
6396 6917
6402 6909
6254 7060
6250 7064
6245 7067
6247 7065
6241 7071
6242 7070
6252 7062
6256 7056
6257 7055
6255 7057
6215 7096
6219 7092
6220 7091
6221 7090
6216 7095
6217 7093
6226 7088
6227 7085
6230 7080
6228 7083
6234 7078
6229 7082
6233 7079
6239 7073
6237 7076
6147 7159
6148 7157
6153 7155
6154 7154
6156 7152
6151 7156
6162 7146
6161 7147
6160 7148
6178 7132
6124 7181
6126 7179
6129 7175
6131 7174
6127 7177
6128 7176
6142 7165
6144 7162
6145 7161
6132 7173
6135 7172
6139 7166
6136 7170
6138 7168
6039 7255
6063 7235
6043 7251
6042 7253
6057 7240
6055 7241
6054 7242
6052 7245
6049 7246
6046 7250
6048 7247
6058 7239
6064 7233
6066 7231
6061 7237
6212 7099
6210 7100
6209 7102
6096 7206
6108 7195
6102 7199
6097 7205
6099 7203
6100 7201
6109 7194
6106 7197
6104 7198
6111 7191
6208 7105
6205 7106
6202 7108
6201 7109
6190 7121
6185 7123
6187 7122
6184 7124
6183 7128
6199 7112
6194 7116
6193 7117
6197 7114
6191 7118
6069 7229
6072 7228
6073 7226
6075 7224
6076 7222
6079 7221
6088 7214
6081 7219
6082 7217
6085 7215
6083 7216
6090 7212
6034 7261
6012 7277
6016 7275
6025 7268
6037 7257
6028 7266
6030 7264
6031 7262
6036 7259
6006 7281
6010 7280
6005 7283
6003 7285
5998 7291
6000 7289
6019 7273
6021 7271
5740 7457
5742 7455
5904 7359
5893 7367
5902 7360
5900 7362
5897 7364
5886 7372
5884 7374
5889 7370
5890 7368
5876 7377
5873 7378
5879 7376
5881 7375
5751 7454
5776 7436
5770 7441
5773 7440
5767 7443
5765 7445
5775 7437
5762 7447
5759 7448
5757 7449
5754 7453
5851 7396
5848 7397
5857 7390
5843 7398
5839 7401
5840 7399
5834 7405
5836 7403
5853 7392
5864 7386
5867 7384
5862 7388
5870 7383
5674 7492
5682 7488
5684 7487
5679 7489
5690 7483
5687 7486
5692 7482
5695 7481
5823 7410
5821 7412
5828 7408
5817 7416
5829 7407
5831 7406
5815 7418
5812 7419
5698 7478
5737 7458
5707 7476
5713 7472
5726 7466
5735 7459
5727 7463
5729 7462
5734 7461
5716 7468
5715 7470
5712 7474
5820 7414
5787 7431
5789 7429
5790 7428
5781 7434
5784 7432
5782 7433
5778 7435
5801 7427
5810 7420
5807 7421
5599 7528
5610 7522
5607 7523
5604 7524
5617 7518
5623 7516
5627 7515
5628 7512
5614 7519
5621 7517
5671 7493
5669 7494
5666 7495
5657 7497
5662 7496
5655 7498
5649 7502
5640 7509
5641 7507
5646 7505
5642 7506
5648 7504
5634 7511
5654 7500
5602 7527
5582 7535
5587 7531
5593 7530
5596 7529
5576 7537
5568 7541
5575 7539
5583 7532
5475 7581
5478 7580
5481 7579
5486 7578
5503 7571
5498 7572
5509 7567
5512 7566
5514 7565
5517 7562
5242 7640
5256 7637
5391 7610
5380 7613
5383 7612
5377 7614
5374 7615
5330 7625
5327 7626
5344 7622
5350 7620
5360 7618
5244 7638
5304 7628
5294 7630
5267 7635
5282 7634
5287 7632
5264 7636
5301 7629
5312 7627
5495 7576
5506 7570
5453 7590
5450 7592
5444 7597
5447 7596
5424 7602
5400 7607
5430 7600
5414 7604
5397 7609
5464 7589
5472 7584
5239 7641
5224 7642
5212 7643
5191 7646
5206 7645
5171 7648
5188 7647
5168 7649
5153 7650
5141 7651
5126 7652
5123 7653
5097 7654
7191 5639
7186 5644
7185 5654
7183 5659
7188 5641
7180 5671
7177 5675
7181 5664
7176 5686
7173 5694
7171 5699
7159 5730
7169 5709
7170 5701
7167 5714
7163 5721
7162 5722
7161 5729
6477 6829
6482 6822
6480 6824
6517 6781
6525 6773
6523 6777
6528 6771
6520 6779
6521 6778
6558 6735
6557 6736
6556 6738
6553 6741
6549 6745
6541 6753
6542 6752
6550 6744
6548 6749
6545 6751
6531 6770
6532 6764
6535 6763
6538 6762
6540 6757
6478 6826
6499 6805
6494 6813
6487 6821
6516 6785
6514 6786
6507 6794
6496 6808
6503 6799
6501 6802
6506 6797
6510 6790
6508 6792
6512 6789
6490 6814
6574 6714
6576 6713
6565 6729
6563 6734
6569 6722
6567 6726
6572 6721
6610 6672
6597 6688
6596 6689
6594 6693
6608 6674
6603 6681
6604 6679
6601 6685
6606 6678
6602 6684
6607 6677
6598 6686
6581 6710
6578 6711
6592 6698
6589 6699
6583 6705
6585 6702
6586 6700
6636 6643
6669 6601
6671 6595
6679 6587
6670 6597
6674 6594
6675 6590
6680 6586
6767 6468
6763 6474
6775 6460
6768 6465
6769 6464
6773 6462
6770 6463
6776 6454
6782 6449
6788 6441
6781 6452
6792 6433
6790 6438
6785 6444
6783 6446
6709 6546
6723 6530
6727 6523
6725 6524
6724 6529
6728 6520
6717 6538
6713 6541
6714 6540
6712 6542
6718 6535
6720 6531
6732 6519
6733 6516
6734 6512
6736 6511
6739 6508
6737 6509
6766 6473
6755 6486
6751 6492
6752 6489
6761 6476
6759 6478
6758 6479
6757 6484
6748 6497
6741 6503
6745 6498
6743 6500
6708 6551
6705 6552
6703 6555
6700 6556
6699 6558
6698 6562
6695 6565
6696 6564
6694 6567
6690 6575
6685 6579
6682 6580
6692 6570
6647 6624
6646 6627
6645 6628
6649 6623
6650 6621
6653 6620
6655 6617
6656 6616
6654 6619
6662 6608
6657 6613
6659 6612
6660 6611
6665 6607
6632 6645
6631 6647
6627 6652
6621 6658
6630 6649
6626 6657
6615 6669
6611 6671
6617 6666
6619 6661
6637 6637
6640 6635
6639 6636
6641 6634
6644 6633
7231 5474
7223 5508
7225 5494
7228 5490
7224 5501
7221 5516
7230 5482
7232 5464
7234 5462
7203 5594
7192 5631
7196 5617
7194 5622
7197 5613
7199 5605
7201 5597
7098 5901
7105 5887
7101 5895
7099 5899
7102 5888
7107 5874
7106 5881
7110 5873
7093 5915
7097 5908
7090 5916
7088 5921
7121 5846
7116 5855
7114 5860
7117 5848
7127 5824
7128 5823
7126 5832
7122 5839
7112 5864
6879 6305
6875 6308
6880 6301
6821 6393
6822 6390
6827 6383
6825 6387
6794 6431
6797 6430
6803 6418
6799 6423
6801 6422
6806 6412
6805 6415
6818 6397
6814 6402
6816 6401
6812 6405
6810 6409
6861 6332
6849 6351
6859 6334
6860 6333
6851 6347
6853 6343
6852 6344
6855 6340
6858 6337
6850 6348
6846 6355
6845 6358
6823 6388
6841 6361
6838 6365
6831 6377
6830 6380
6840 6364
6842 6360
6832 6373
6837 6369
6836 6372
6877 6306
6876 6307
6870 6319
6874 6311
6871 6315
6873 6314
6868 6321
6867 6322
6866 6325
6864 6329
6865 6326
6922 6239
6920 6240
6891 6285
6892 6284
6888 6292
6885 6297
6889 6289
6886 6293
6882 6300
6918 6242
6910 6255
6909 6256
6907 6260
6911 6253
6913 6252
6915 6247
6914 6248
6916 6246
6917 6243
6898 6276
6894 6280
6893 6281
6895 6277
6905 6261
6903 6267
6904 6264
6900 6272
6901 6271
6902 6268
7020 6071
7043 6026
7023 6063
7044 6019
7049 6010
7041 6030
7026 6055
7047 6018
7036 6036
7034 6040
7032 6043
7029 6047
7028 6051
7021 6064
7015 6076
7018 6075
7086 5928
7085 5930
7083 5934
7082 5936
7081 5943
7078 5944
7075 5955
7077 5951
7073 5958
7069 5971
7065 5974
7064 5975
7071 5963
7063 5983
7056 5992
7057 5989
7058 5987
7060 5984
7053 6002
7051 6005
7055 5998
6923 6235
6924 6232
6926 6231
6928 6227
6929 6224
6931 6223
7014 6083
6970 6158
6982 6134
6987 6129
6985 6133
6981 6141
6978 6145
6976 6149
6974 6152
6972 6157
7010 6084
7008 6088
7002 6100
7005 6096
7006 6092
6988 6122
6990 6121
6997 6109
7000 6108
6994 6120
6996 6116
6932 6219
6939 6207
6944 6202
6942 6203
6941 6206
6938 6210
6935 6215
6933 6216
6937 6214
6967 6159
6959 6177
6954 6182
6963 6170
6966 6166
6950 6193
6952 6189
6953 6185
6948 6195
6946 6198
6957 6179
6956 6181
6961 6173
7220 5526
7215 5535
7218 5534
7213 5552
7214 5545
7208 5571
7209 5563
7206 5579
7204 5583
7212 5560
7138 5792
7142 5782
7146 5772
7143 5781
7145 5779
7141 5786
7139 5791
7131 5812
7137 5796
7135 5804
7134 5811
7129 5820
7130 5819
7149 5769
7152 5756
7154 5751
7156 5746
7158 5741
7150 5762
