1554 1409
1521 1618
1530 1557
1536 1549
1545 1485
1546 1475
1524 1574
1535 1550
1523 1578
1529 1558
1520 1622
1508 1647
1505 1670
1498 1696
1514 1623
1491 1699
1490 1703
1513 1627
1152 2006
1231 2005
1280 2003
1298 1981
1333 1974
1297 1983
1327 1980
1351 1952
1352 1945
1467 1775
1468 1764
1480 1718
1479 1725
1484 1707
1478 1728
1475 1751
1476 1740
1451 1781
1449 1797
1450 1786
1448 1804
1445 1819
1452 1779
1378 1929
1360 1935
1367 1930
1379 1922
1429 1841
1418 1858
1417 1865
1421 1843
1436 1836
1439 1821
1383 1909
1386 1901
1406 1883
1401 1887
1413 1878
1397 1900
