1277 1731 1531
1284 1730 1533
1269 1753 1540
1273 1751 1535
1282 1760 1524
1290 1769 1517
1276 1760 1527
1293 1739 1522
1297 1737 1517
1310 1662 1554
1295 1674 1564
1306 1664 1559
1306 1692 1544
1302 1681 1551
1299 1685 1557
1302 1694 1549
1261 1679 1588
1286 1678 1573
1285 1686 1569
1270 1690 1561
1274 1686 1572
1270 1688 1577
1264 1695 1562
1295 1687 1562
1272 1679 1585
1278 1679 1582
1299 1724 1544
1292 1717 1557
1309 1725 1537
1193 1708 1593
1198 1714 1589
1207 1692 1594
1213 1687 1601
1217 1680 1611
1218 1680 1600
1276 1731 1542
1224 1687 1598
1228 1685 1593
1235 1716 1581
1246 1706 1576
1232 1689 1590
1239 1696 1577
1249 1697 1570
1238 1725 1573
1244 1725 1570
1231 1718 1586
1238 1686 1586
1221 1707 1591
1265 1731 1545
1267 1722 1553
1261 1733 1550
1263 1724 1558
1259 1713 1560
1255 1715 1565
1258 1715 1559
1252 1724 1561
1251 1732 1557
1255 1738 1543
1235 1741 1542
1151 1744 1567
1174 1742 1571
1195 1727 1571
1205 1721 1576
1130 1735 1578
1128 1724 1587
1173 1715 1604
1176 1697 1599
1160 1727 1574
1156 1723 1576
1150 1717 1600
1159 1700 1607
1140 1692 1611
1163 1690 1615
1170 1688 1613
1174 1686 1608
1188 1689 1600
1249 1774 1515
1242 1767 1528
1222 1788 1520
1256 1767 1519
1257 1765 1520
1246 1755 1536
1253 1767 1525
1259 1762 1520
1232 1766 1535
1241 1771 1518
1236 1772 1521
1141 1787 1534
1150 1770 1541
1179 1797 1527
1169 1772 1538
1188 1780 1534
1165 1782 1530
1244 1758 1536
1212 1752 1564
1205 1770 1536
1231 1743 1547
1221 1761 1553
1208 1773 1523
1195 1787 1521
1199 1790 1516
1189 1754 1560
1198 1763 1549
1219 1769 1524
1215 1734 1559
1216 1732 1560
1217 1730 1559
1198 1737 1567
1225 1759 1548
1228 1768 1540
1236 1798 1503
1235 1795 1504
1249 1779 1505
1245 1781 1510
1353 1643 1543
1319 1689 1531
1333 1709 1518
1319 1671 1543
1316 1680 1539
1327 1680 1536
1322 1671 1537
1344 1688 1516
1325 1689 1528
1336 1679 1523
1310 1696 1541
1313 1671 1546
1312 1682 1544
1316 1732 1524
1305 1757 1507
1313 1723 1532
1322 1732 1521
1324 1723 1529
1301 1759 1512
1308 1748 1501
1374 1638 1515
1373 1681 1515
1370 1640 1520
1366 1650 1527
1380 1688 1502
1357 1724 1485
1348 1686 1511
1357 1695 1500
1342 1702 1513
1345 1742 1479
1346 1749 1472
1341 1731 1509
1329 1739 1508
1363 1724 1482
1365 1715 1490
1350 1717 1498
1354 1738 1493
1345 1729 1504
1332 1735 1495
1290 1591 1616
1294 1581 1609
1180 1645 1646
1127 1643 1649
1149 1652 1640
1147 1641 1649
1169 1634 1662
1252 1624 1618
1234 1623 1626
1243 1630 1620
1243 1632 1615
1237 1616 1624
1230 1633 1633
1226 1635 1638
1236 1634 1622
1248 1626 1623
1238 1615 1628
1231 1596 1635
1220 1608 1644
1227 1606 1642
1235 1605 1633
1217 1626 1649
1184 1643 1641
1186 1631 1639
1205 1644 1631
1209 1642 1626
1177 1605 1652
1176 1606 1650
1172 1616 1657
1184 1628 1644
1284 1626 1609
1261 1633 1607
1269 1632 1598
1255 1633 1610
1258 1618 1610
1247 1628 1615
1294 1592 1598
1287 1596 1614
1291 1594 1609
1287 1598 1598
1262 1599 1613
1256 1604 1614
1255 1591 1619
1256 1589 1618
1244 1601 1624
1250 1598 1620
1097 1531 1718
1111 1539 1705
1107 1556 1707
1167 1584 1674
1157 1598 1682
1161 1581 1680
1164 1563 1675
1162 1552 1684
1164 1557 1683
1158 1554 1689
1157 1559 1685
1168 1555 1678
1137 1569 1690
1159 1609 1673
1166 1607 1671
1170 1605 1666
1170 1590 1669
1103 1580 1685
1109 1567 1698
1101 1569 1694
1159 1531 1692
1139 1541 1697
1125 1533 1710
1155 1548 1694
1135 1558 1699
1205 1534 1676
1211 1537 1670
1201 1551 1678
1178 1540 1691
1197 1553 1683
1201 1536 1681
1207 1539 1675
1198 1530 1686
1226 1532 1678
1192 1559 1675
1218 1533 1668
1217 1556 1665
1183 1550 1686
1187 1533 1684
1185 1561 1677
1278 1587 1625
1275 1560 1634
1261 1579 1645
1270 1588 1634
1257 1581 1650
1277 1584 1632
1200 1580 1674
1203 1562 1669
1210 1560 1667
1264 1536 1652
1258 1552 1654
1260 1538 1657
1246 1535 1660
1227 1542 1657
1235 1541 1667
1239 1539 1662
1218 1559 1658
1224 1550 1656
1221 1554 1660
1223 1565 1651
1209 1589 1663
1230 1595 1638
1236 1586 1636
1235 1588 1637
1249 1597 1627
1220 1583 1656
1195 1586 1666
1222 1580 1651
1229 1592 1645
1233 1590 1640
1218 1597 1653
1214 1599 1658
1174 1588 1664
1174 1595 1659
977 1305 1782
1042 1355 1777
1043 1341 1771
1002 1370 1770
1011 1409 1765
1062 1358 1759
1033 1449 1748
1420 1524 1521
1160 1516 1692
1126 1519 1704
1129 1516 1708
1136 1514 1706
1135 1519 1702
1054 1391 1757
1074 1420 1749
1050 1408 1759
1043 1474 1737
1067 1438 1753
1077 1463 1742
1080 1445 1737
1111 1391 1749
1121 1416 1738
1117 1418 1743
1106 1437 1747
1107 1423 1741
1108 1409 1754
1110 1420 1745
1120 1445 1734
1139 1458 1726
1143 1456 1721
1116 1462 1736
1125 1455 1729
1128 1412 1736
1130 1423 1727
1126 1440 1729
1127 1466 1720
1041 1502 1730
1150 1538 1699
1147 1511 1708
1132 1515 1706
1151 1509 1703
1140 1513 1710
1133 1508 1711
1145 1467 1712
1127 1505 1717
1123 1483 1722
1110 1475 1723
1118 1473 1727
1142 1485 1717
1138 1502 1719
1079 1474 1733
1076 1477 1729
1075 1491 1735
1069 1504 1722
1101 1514 1716
1098 1517 1712
1082 1473 1731
1102 1485 1720
1099 1503 1725
1108 1512 1714
1148 1284 1738
1144 1286 1743
1191 1295 1719
1252 1294 1690
1251 1323 1686
1247 1340 1688
1213 1322 1715
1212 1351 1711
1229 1366 1708
1208 1368 1713
1189 1373 1712
1246 1374 1688
1250 1372 1683
1239 1469 1678
1232 1471 1680
1227 1503 1682
1229 1489 1685
1231 1486 1680
1223 1505 1687
1168 1515 1702
1166 1504 1711
1175 1513 1700
1179 1511 1695
1195 1503 1695
1199 1501 1690
1208 1510 1679
1203 1484 1688
1201 1487 1693
1202 1507 1685
1186 1507 1693
1188 1504 1688
1170 1487 1709
1179 1496 1698
1176 1490 1703
1177 1461 1707
1180 1467 1702
1173 1463 1712
1167 1460 1718
1166 1465 1714
1173 1469 1704
1171 1458 1713
1179 1447 1710
1164 1454 1723
1186 1468 1696
1184 1457 1705
1187 1463 1700
1188 1440 1703
1230 1460 1689
1226 1462 1694
1204 1469 1688
1198 1460 1702
1202 1458 1697
1134 1378 1732
1168 1367 1737
1181 1374 1721
1167 1411 1730
1169 1408 1725
1171 1394 1728
1172 1365 1732
1174 1376 1723
1168 1437 1721
1176 1420 1719
1186 1416 1705
1180 1418 1714
1169 1422 1721
1180 1403 1717
1189 1411 1707
1185 1413 1712
1237 1419 1690
1236 1448 1686
1240 1446 1681
1234 1443 1687
1230 1445 1692
1227 1439 1697
1243 1452 1676
1245 1418 1681
1248 1424 1676
1249 1401 1679
1231 1416 1696
1232 1393 1699
1228 1395 1704
1241 1402 1688
1228 1410 1701
1224 1412 1706
1203 1414 1704
1202 1443 1700
1206 1441 1695
1106 1311 1755
1120 1309 1739
1112 1338 1749
1103 1329 1760
1116 1336 1744
1052 1380 1766
1055 1362 1761
1131 1394 1731
1229 1514 1673
1236 1512 1671
1258 1488 1669
1262 1486 1664
1265 1492 1659
1271 1495 1653
1243 1508 1669
1251 1489 1662
1247 1491 1667
1247 1506 1664
1413 1517 1534
1394 1505 1543
1407 1504 1550
1363 1336 1596
1291 1329 1666
1273 1350 1682
1332 1351 1629
1300 1352 1651
1294 1356 1657
1299 1382 1648
1310 1389 1647
1314 1372 1645
1309 1423 1647
1375 1556 1556
1356 1513 1589
1317 1550 1594
1338 1545 1608
1316 1552 1595
1351 1552 1592
1355 1542 1585
1359 1540 1580
1326 1555 1591
1342 1543 1603
1368 1549 1569
1374 1545 1559
1369 1533 1560
1376 1520 1559
1238 1498 1674
1244 1511 1662
1261 1509 1661
1291 1444 1663
1303 1443 1647
1287 1461 1665
1275 1400 1670
1268 1396 1680
1269 1367 1684
1293 1379 1654
1272 1394 1675
1271 1417 1672
1259 1459 1673
1263 1442 1671
1265 1434 1669
1270 1446 1668
1292 1408 1650
1248 1462 1671
1423 1550 1503
1401 1542 1532
1398 1549 1523
1417 1536 1508
1408 1549 1519
1416 1543 1516
1353 1407 1621
1349 1424 1623
1348 1453 1619
1352 1451 1614
1322 1501 1615
1324 1476 1615
1323 1472 1619
1344 1465 1610
1343 1499 1610
1304 1469 1645
1308 1467 1640
1310 1478 1631
1317 1476 1629
1308 1452 1643
1331 1445 1639
1324 1449 1622
1327 1455 1617
1318 1446 1632
1312 1450 1638
1369 1431 1593
1362 1444 1594
1361 1460 1603
1348 1461 1596
1361 1473 1590
1401 1410 1565
1380 1409 1590
1385 1411 1572
1368 1562 1556
1351 1554 1576
1362 1549 1572
1333 1640 1561
1339 1640 1558
1330 1631 1569
1327 1604 1578
1336 1597 1568
1342 1597 1565
1334 1611 1565
1367 1625 1535
1350 1617 1555
1357 1624 1542
1365 1590 1567
1397 1596 1539
1390 1589 1552
1375 1603 1526
1363 1594 1541
1376 1601 1525
1286 1490 1661
1299 1510 1632
1288 1506 1634
1299 1497 1645
1278 1517 1641
1282 1500 1639
1307 1496 1636
1282 1515 1636
1290 1488 1656
1317 1598 1580
1329 1590 1581
1333 1588 1576
1343 1563 1571
1339 1579 1574
1330 1561 1585
1339 1516 1612
1281 1582 1627
1288 1567 1618
1273 1545 1641
1282 1538 1634
1278 1555 1636
1279 1558 1629
1290 1553 1621
1287 1535 1630
1283 1541 1627
1281 1544 1632
1302 1571 1606
1303 1544 1609
1299 1546 1614
1322 1539 1610
1299 1561 1611
1295 1563 1616
1298 1573 1611
1321 1537 1628
1299 1544 1615
1300 1542 1614
1314 1641 1573
1321 1650 1544
1314 1643 1557
1326 1633 1574
1316 1676 1541
1325 1656 1538
1331 1651 1537
1346 1647 1545
1305 1686 1546
1299 1668 1561
1302 1668 1555
1307 1677 1554
1313 1706 1536
1362 1720 1488
1366 1718 1483
1363 1691 1492
1360 1685 1520
1385 1684 1505
1394 1670 1494
1449 1604 1448
1435 1614 1450
1435 1589 1451
1441 1592 1449
1360 1496 1587
1363 1520 1576
1367 1503 1574
1370 1501 1579
1359 1523 1582
1314 1580 1589
1312 1582 1601
1319 1589 1588
1298 1590 1607
1301 1572 1602
1307 1599 1596
1311 1597 1591
1352 1554 1574
1427 1613 1487
1414 1593 1516
1405 1597 1502
1419 1587 1500
1436 1584 1477
1383 1500 1586
1400 1497 1563
1375 1503 1561
1379 1502 1558
1377 1506 1556
1391 1502 1554
1387 1498 1556
1374 1632 1522
1388 1641 1512
1371 1623 1530
1380 1632 1519
1383 1632 1513
1436 1650 1424
1438 1640 1432
1395 1607 1515
1399 1626 1489
1402 1614 1502
1415 1638 1485
1391 1629 1499
1398 1633 1497
1390 1639 1500
1438 1615 1433
1431 1632 1461
1418 1617 1473
1406 1642 1471
1434 1617 1458
1430 1639 1469
1432 1628 1449
1437 1629 1446
1412 1661 1469
1324 1685 1534
1337 1692 1518
1353 1678 1533
1328 1683 1529
1431 1694 1429
1375 1727 1472
1378 1727 1466
1375 1750 1450
1364 1689 1491
1390 1702 1468
1379 1690 1475
1398 1598 1521
1350 1634 1551
1359 1643 1540
1366 1592 1549
1358 1597 1545
1354 1614 1547
1334 1644 1555
1336 1635 1563
1329 1628 1576
1347 1607 1560
1321 1637 1571
1325 1635 1566
1313 1653 1548
1346 1636 1556
1423 1682 1430
1417 1680 1452
1420 1682 1436
1426 1676 1466
1330 1714 1516
1338 1755 1469
1345 1712 1508
1334 1712 1511
1389 1765 1447
1316 1632 1581
1302 1642 1564
1298 1644 1569
1296 1658 1566
1287 1649 1577
1288 1643 1576
1273 1650 1589
1286 1661 1577
1290 1659 1572
1269 1670 1593
1265 1672 1598
1283 1651 1582
1289 1660 1568
1281 1665 1574
1266 1643 1602
1275 1636 1592
1281 1636 1589
1278 1641 1587
1268 1640 1594
1272 1627 1600
1268 1629 1605
1256 1637 1604
1309 1625 1594
1304 1629 1591
1289 1635 1580
1305 1632 1584
1301 1634 1589
1253 1680 1597
1218 1651 1615
1244 1671 1608
1240 1673 1613
1221 1678 1606
1196 1679 1621
1208 1671 1622
1192 1681 1626
1211 1653 1617
1212 1651 1618
1183 1672 1637
1193 1652 1630
1186 1654 1632
1247 1641 1613
1241 1644 1617
1202 1996 1235
1210 1995 1226
1216 1986 1224
1153 1998 1236
1152 2006 1156
1452 1779 1108
1367 1930 1161
1379 1922 1185
1406 1883 1192
1390 1889 1216
1413 1878 1117
1397 1900 1185
1386 1901 1153
1432 1826 1271
1420 1842 1223
1436 1836 1199
1417 1865 1207
1421 1843 1196
1418 1858 1199
1433 1819 1263
1414 1848 1271
1417 1825 1287
1429 1841 1274
1414 1840 1290
1418 1842 1242
1437 1817 1238
1440 1810 1270
1441 1803 1262
1449 1793 1277
1452 1774 1211
1451 1781 1219
1448 1804 1203
1448 1796 1222
1449 1797 1195
1439 1821 1196
1445 1819 1206
1387 1871 1307
1384 1886 1310
1383 1893 1318
1386 1886 1291
1387 1872 1278
1395 1869 1298
1410 1870 1282
1411 1863 1274
1398 1861 1293
1400 1860 1308
1409 1843 1315
1407 1844 1300
1413 1847 1298
1283 1962 1282
1303 1961 1268
1290 1954 1284
1298 1958 1283
1332 1960 1281
1319 1953 1297
1323 1951 1292
1335 1937 1297
1351 1952 1229
1377 1915 1245
1336 1951 1245
1350 1938 1281
1359 1921 1288
1356 1932 1311
1360 1935 1236
1352 1945 1221
1402 1880 1267
1383 1909 1275
1390 1888 1243
1401 1887 1275
1366 1916 1213
1363 1928 1209
1378 1929 1193
1361 1928 1228
1207 1985 1230
1236 1984 1243
1219 2004 1215
1215 1972 1276
1240 1965 1285
1242 1962 1297
1236 1967 1290
1249 1974 1274
1206 1969 1279
1219 1976 1263
1299 1972 1231
1285 1982 1242
1297 1965 1235
1298 1981 1186
1297 1983 1214
1312 1979 1215
1327 1980 1199
1333 1974 1229
1304 1975 1216
1231 2005 1187
1267 1996 1202
1250 1988 1222
1271 1994 1197
1268 1984 1201
1246 2001 1188
1229 1993 1208
1223 2002 1210
1280 2003 1186
1273 1963 1257
1272 1975 1258
1266 1982 1254
1276 1973 1253
1282 1964 1251
1270 1980 1249
1256 1983 1229
1257 1973 1265
1255 1967 1278
1530 1557 1133
1536 1549 1152
1524 1574 1150
1531 1519 1193
1527 1541 1204
1524 1543 1197
1530 1548 1196
1535 1550 1178
1531 1531 1189
1474 1749 1177
1477 1726 1193
1494 1668 1258
1505 1670 1204
1489 1701 1195
1478 1723 1248
1482 1693 1256
1497 1694 1240
1498 1666 1233
1501 1651 1230
1508 1647 1220
1502 1644 1222
1499 1662 1206
1495 1637 1250
1501 1643 1249
1496 1633 1267
1498 1631 1261
1521 1618 1195
1512 1625 1197
1514 1623 1152
1513 1627 1179
1513 1547 1268
1522 1555 1216
1530 1535 1216
1522 1539 1222
1521 1556 1242
1497 1621 1274
1498 1614 1266
1504 1628 1246
1509 1596 1261
1514 1614 1224
1517 1593 1239
1513 1615 1250
1516 1600 1247
1505 1621 1238
1520 1622 1222
1499 1610 1283
1492 1626 1271
1529 1558 1159
1523 1578 1177
1432 1745 1382
1485 1631 1321
1479 1659 1318
1482 1646 1324
1488 1657 1303
1478 1715 1267
1472 1712 1269
1471 1719 1277
1470 1721 1280
1481 1700 1264
1489 1692 1272
1490 1690 1269
1467 1736 1283
1475 1738 1251
1493 1675 1266
1490 1383 1375
1503 1338 1332
1516 1346 1292
1515 1353 1300
1493 1613 1298
1487 1599 1313
1492 1597 1317
1493 1599 1304
1492 1606 1312
1502 1398 1343
1497 1396 1361
1493 1418 1372
1498 1420 1354
1494 1411 1364
1496 1473 1352
1509 1428 1309
1506 1429 1328
1514 1430 1291
1518 1458 1280
1515 1423 1283
1521 1443 1277
1510 1399 1306
1517 1480 1274
1502 1420 1338
1499 1601 1288
1508 1556 1302
1496 1584 1301
1495 1586 1292
1504 1578 1313
1495 1580 1317
1495 1582 1314
1505 1571 1305
1498 1565 1314
1496 1517 1338
1523 1354 1263
1527 1438 1251
1499 1307 1347
1522 1436 1269
1526 1445 1259
1502 1605 1252
1517 1537 1253
1526 1513 1241
1522 1504 1251
1527 1506 1233
1518 1504 1267
1512 1519 1305
1509 1534 1308
1521 1511 1259
1525 1533 1234
1518 1526 1262
1523 1528 1244
1513 1512 1297
1516 1541 1280
1523 1460 1262
1535 1482 1196
1532 1468 1210
1522 1482 1256
1526 1467 1254
1531 1469 1236
1508 1600 1288
1511 1585 1285
1500 1603 1275
1512 1578 1277
1515 1604 1259
1550 1328 1119
1551 1396 1063
1548 1395 1125
1550 1396 1101
1554 1409 1061
1537 1483 1172
1539 1471 1153
1544 1474 1150
1540 1461 1190
1546 1407 1144
1541 1460 1164
1536 1430 1205
1532 1452 1216
1535 1437 1213
1542 1394 1184
1528 1378 1240
1540 1393 1208
1545 1485 1089
1546 1475 1126
1538 1482 1131
1543 1484 1113
1486 1668 1294
1487 1661 1286
1489 1629 1296
1489 1650 1295
1490 1646 1283
1493 1648 1270
1464 1710 1301
1470 1713 1299
1473 1698 1296
1482 1688 1301
1485 1672 1306
1485 1673 1298
1475 1689 1285
1474 1696 1293
1450 1723 1382
1458 1699 1346
1460 1697 1340
1466 1694 1325
1459 1719 1334
1463 1717 1309
1463 1682 1337
1463 1738 1308
1467 1687 1317
1466 1701 1314
1467 1701 1311
1470 1672 1314
1487 1611 1309
1398 1811 1379
1413 1812 1363
1437 1763 1345
1444 1759 1335
1443 1766 1343
1441 1782 1319
1462 1745 1316
1445 1745 1322
1459 1760 1319
1482 1655 1314
1471 1673 1304
1464 1683 1327
1470 1680 1312
1458 1771 1245
1490 1652 1277
1494 1677 1248
1475 1698 1275
1487 1670 1276
1486 1674 1288
1489 1659 1285
1483 1684 1274
1440 1789 1327
1447 1744 1332
1440 1740 1361
1462 1627 1372
1461 1634 1380
1461 1667 1367
1458 1664 1374
1466 1652 1348
1465 1654 1351
1473 1651 1364
1464 1652 1364
1478 1666 1326
1463 1665 1342
1481 1653 1332
1480 1655 1335
1477 1670 1338
1470 1671 1322
1464 1671 1331
1469 1678 1330
1455 1741 1345
1456 1734 1337
1410 1786 1381
1508 1488 1320
1504 1510 1331
1505 1503 1323
1499 1502 1335
1498 1488 1336
1485 1487 1392
1491 1501 1372
1492 1495 1363
1492 1494 1364
1488 1472 1389
1470 1622 1381
1464 1610 1387
1478 1607 1359
1477 1629 1353
1470 1540 1409
1480 1531 1397
1472 1522 1399
1474 1518 1398
1471 1533 1401
1489 1577 1329
1492 1554 1335
1483 1580 1344
1487 1579 1354
1489 1568 1334
1490 1564 1351
1488 1575 1342
1491 1561 1343
1495 1520 1346
1487 1538 1369
1488 1532 1360
1493 1531 1337
1495 1539 1332
1500 1547 1328
1493 1540 1332
1488 1516 1375
1465 1547 1408
1483 1560 1380
1484 1553 1372
1478 1563 1373
1489 1594 1324
1485 1611 1330
1486 1609 1327
1481 1592 1356
1482 1587 1352
1457 1545 1440
1454 1560 1443
1453 1567 1451
1441 1542 1454
1450 1538 1468
1441 1540 1472
1438 1566 1467
1425 1546 1496
1440 1547 1480
1462 1613 1383
1462 1604 1388
1465 1588 1393
1474 1585 1384
1468 1573 1390
1475 1578 1376
1465 1589 1385
1458 1540 1436
1462 1562 1411
1460 1571 1422
1457 1586 1425
1458 1582 1413
1459 1575 1405
1459 1584 1400
1462 1571 1401
1434 1720 1411
1435 1722 1398
1435 1713 1403
1452 1712 1362
1451 1716 1374
1454 1701 1371
1474 1644 1356
1478 1624 1349
1496 1625 1286
1491 1624 1289
1490 1629 1293
1483 1589 1334
1461 1569 1419
1470 1554 1399
1468 1559 1396
1467 1514 1427
1475 1496 1404
1484 1494 1400
1469 1493 1416
1459 1502 1428
1444 1525 1469
1428 1526 1489
1427 1528 1492
1437 1521 1498
1453 1368 1455
1477 1372 1419
1411 1339 1540
1453 1362 1456
1448 1360 1474
1441 1353 1487
1410 1426 1538
1438 1434 1500
1431 1427 1513
1423 1443 1508
1417 1433 1525
1414 1430 1536
1501 1427 1346
1485 1381 1393
1481 1403 1404
1482 1374 1401
1497 1464 1343
1498 1442 1349
1493 1488 1355
1441 1460 1482
1456 1476 1446
1475 1455 1419
1471 1477 1430
1480 1463 1415
1478 1481 1401
1472 1470 1422
1454 1480 1453
1442 1453 1474
1451 1451 1470
1447 1447 1472
1444 1444 1483
1452 1449 1454
1458 1458 1442
1459 1462 1440
1468 1448 1447
1395 1834 1363
1438 1771 1340
1444 1768 1325
1390 1867 1300
1490 1703 1177
1490 1699 1197
1485 1697 1215
1467 1775 1195
1475 1751 1159
1484 1707 1178
1478 1728 1175
1491 1699 1150
1461 1767 1197
1498 1696 1222
1479 1725 1230
1480 1718 1222
1483 1695 1238
1482 1702 1246
1491 1692 1251
1476 1740 1233
1479 1717 1249
1472 1721 1259
1456 1743 1327
1446 1767 1295
1445 1769 1298
1464 1745 1295
1463 1747 1298
1468 1764 1269
1471 1749 1266
1472 1742 1258
1452 1770 1293
1447 1763 1294
1460 1762 1301
1445 1761 1317
1453 1771 1266
1453 1763 1285
1460 1771 1224
1459 1773 1227
1463 1705 1321
1468 1723 1284
1465 1738 1287
1460 1720 1324
1459 1727 1332
1436 1815 1256
1441 1791 1309
1442 1784 1301
1450 1786 1269
1419 1719 1427
1447 1697 1400
1438 1698 1400
1434 1677 1429
1436 1715 1385
1435 1680 1416
1439 1685 1401
1439 1676 1406
1442 1661 1403
1451 1660 1403
1440 1608 1434
1453 1623 1422
1456 1608 1419
1454 1619 1410
1457 1606 1416
1415 1595 1498
1406 1600 1489
1432 1634 1443
1431 1641 1451
1416 1640 1467
1461 1625 1390
1460 1632 1398
1435 1657 1432
1440 1636 1411
1439 1633 1424
1436 1659 1419
1448 1631 1420
1443 1634 1416
1439 1635 1421
1444 1633 1405
1452 1630 1430
1442 1647 1409
1439 1643 1419
1462 1669 1354
1458 1650 1380
1461 1676 1362
1456 1675 1365
1457 1648 1393
1458 1641 1385
1452 1653 1395
1461 1626 1382
1455 1679 1377
1461 1699 1322
1452 1662 1385
1457 1677 1347
1456 1681 1359
1456 1701 1350
1455 1703 1353
1452 1718 1356
1444 1726 1348
1427 1678 1448
1405 1687 1487
1413 1688 1450
1396 1691 1473
1382 1723 1470
1384 1692 1473
1371 1733 1475
1386 1721 1465
1383 1694 1474
1395 1730 1454
1410 1705 1450
1399 1693 1457
1401 1709 1436
1398 1730 1448
1425 1771 1400
1436 1724 1380
1430 1727 1395
1431 1723 1383
1416 1742 1411
1414 1733 1419
1414 1724 1424
1413 1731 1432
1429 1734 1403
1426 1708 1421
1420 1721 1409
1435 1745 1358
1434 1752 1366
1451 1725 1364
1346 1783 1455
1359 1780 1454
1347 1781 1454
1368 1776 1468
1384 1779 1439
1362 1782 1438
1395 1753 1432
1386 1770 1425
1328 1804 1471
1286 1782 1483
1285 1784 1484
1283 1787 1491
1290 1794 1478
1294 1802 1473
1288 1811 1475
1297 1820 1464
1301 1818 1459
1304 1832 1441
1274 1822 1460
1291 1825 1457
1295 1823 1452
1280 1812 1484
1265 1813 1471
1271 1803 1495
1271 1816 1470
1281 1773 1503
1166 1809 1497
1180 1824 1494
1189 1833 1483
1203 1817 1484
1198 1816 1490
1193 1831 1478
1211 1826 1477
1246 1810 1486
1234 1824 1481
1231 1814 1485
1156 1852 1464
1163 1859 1451
1201 1869 1444
1172 1870 1431
1202 1896 1411
1199 1886 1415
1221 1862 1433
1214 1882 1416
1248 1884 1414
1273 1874 1416
1250 1876 1412
1258 1870 1420
1257 1867 1421
1274 1862 1415
1248 1858 1432
1249 1861 1431
1244 1860 1437
1239 1875 1425
1226 1881 1416
1235 1877 1430
1248 1818 1466
1247 1831 1465
1243 1833 1470
1250 1832 1454
1244 1832 1457
1286 1840 1445
1261 1855 1431
1282 1842 1450
1255 1856 1438
1260 1844 1437
1261 1847 1436
1276 1851 1432
1273 1846 1436
1272 1843 1437
1281 1839 1451
1268 1827 1453
1287 1855 1426
1295 1849 1434
1296 1838 1433
1298 1847 1431
1225 1841 1474
1241 1844 1445
1247 1837 1453
1238 1848 1458
1234 1850 1463
1225 1854 1449
1229 1852 1444
1186 1804 1514
1189 1807 1501
1229 1795 1507
1254 1778 1502
1269 1774 1503
1268 1776 1504
1244 1807 1496
1253 1790 1503
1267 1805 1500
1257 1814 1480
1258 1809 1486
1227 1789 1514
1226 1786 1515
1296 1876 1401
1286 1881 1400
1268 1889 1404
1264 1891 1409
1265 1892 1394
1243 1896 1395
1277 1872 1411
1289 1858 1416
1342 1917 1314
1329 1906 1324
1331 1913 1320
1337 1850 1403
1331 1859 1405
1311 1854 1415
1310 1853 1430
1313 1846 1413
1312 1857 1414
1327 1861 1410
1304 1863 1406
1288 1911 1366
1304 1895 1366
1307 1893 1363
1298 1904 1368
1294 1906 1373
1292 1909 1361
1287 1908 1367
1277 1898 1393
1294 1880 1391
1290 1885 1383
1291 1888 1382
1285 1897 1384
1340 1868 1394
1326 1891 1365
1328 1883 1363
1311 1875 1383
1317 1870 1390
1300 1871 1389
1306 1866 1396
1325 1890 1380
1334 1873 1387
1313 1884 1381
1355 1905 1344
1305 1904 1346
1301 1918 1350
1304 1916 1347
1306 1907 1345
1317 1923 1331
1318 1926 1330
1322 1924 1325
1321 1903 1346
1320 1900 1347
1365 1915 1318
1346 1896 1355
1342 1898 1360
1341 1895 1361
1351 1881 1367
1355 1879 1362
1364 1888 1351
1368 1892 1334
1350 1850 1388
1352 1869 1366
1354 1858 1383
1352 1851 1387
1367 1865 1367
1365 1862 1377
1335 1874 1372
1359 1846 1402
1388 1860 1381
1374 1845 1384
1433 1815 1345
1419 1800 1348
1430 1789 1363
1422 1777 1364
1419 1777 1370
1434 1808 1337
1437 1793 1334
1418 1814 1361
1401 1799 1370
1404 1801 1366
1403 1818 1360
1422 1816 1313
1415 1837 1345
1392 1839 1341
1425 1822 1300
1393 1816 1376
1373 1873 1319
1382 1866 1351
1380 1867 1336
1369 1875 1324
1369 1878 1321
1406 1854 1338
1366 1833 1385
1391 1817 1388
1392 1823 1384
1362 1826 1399
1321 1840 1421
1377 1822 1400
1365 1813 1417
1361 1815 1422
1374 1822 1406
1312 1831 1432
1316 1823 1429
1350 1825 1427
1358 1819 1435
1336 1816 1437
1335 1821 1431
1345 1831 1405
1328 1832 1414
1325 1838 1416
1329 1830 1413
1329 1741 1492
1335 1745 1474
1332 1745 1480
1325 1747 1482
1314 1766 1496
1307 1777 1497
1311 1775 1492
1303 1766 1499
1299 1768 1504
1298 1781 1483
1411 1756 1403
1403 1774 1399
1409 1768 1429
1395 1780 1391
1400 1772 1415
1389 1797 1402
1376 1787 1410
1388 1773 1415
1372 1789 1415
1378 1785 1409
1366 1790 1425
1362 1786 1426
1404 1776 1386
1313 1823 1435
1309 1821 1436
1324 1817 1437
1322 1814 1447
1319 1808 1457
1307 1809 1457
1305 1806 1467
1323 1759 1488
1331 1761 1478
1322 1765 1487
1345 1812 1451
1331 1797 1454
1336 1787 1452
1349 1810 1446
1317 1766 1490
1320 1784 1481
1331 1774 1476
1335 1772 1471
1332 1767 1474
1334 1774 1470
1314 1789 1474
1332 1785 1453
1168 1994 1237
1189 1989 1251
1193 1987 1246
1209 1981 1278
1192 1973 1298
1188 1975 1303
1179 1966 1314
1322 1930 1313
1254 1953 1330
1259 1942 1325
1275 1959 1305
1268 1943 1319
1271 1961 1310
1262 1952 1321
1281 1950 1303
1295 1933 1340
1274 1938 1326
1302 1945 1317
1308 1940 1324
1299 1931 1335
1278 1925 1360
1289 1912 1351
1320 1941 1296
1305 1922 1333
1309 1917 1341
1308 1914 1342
1149 1925 1368
1178 1939 1347
1140 1929 1354
1176 1956 1318
1208 1932 1347
1242 1934 1345
1205 1955 1331
1244 1923 1362
1229 1927 1361
1241 1946 1346
1211 1920 1366
1220 1951 1332
1212 1947 1333
1225 1954 1317
1257 1930 1346
1245 1944 1341
1211 1905 1400
1215 1903 1395
1228 1900 1394
1231 1910 1390
1240 1919 1379
1244 1917 1374
