307 316 166 231 365
288 282 192 245 312
308 287 170 272 297
287 305 199 231 310
295 324 212 225 300
298 306 207 298 277
241 280 177 276 347
256 306 204 285 301
249 299 190 270 337
242 257 170 290 349
257 283 197 299 303
229 288 223 270 282
264 325 217 279 291
266 276 164 241 344
281 302 191 250 298
261 291 224 250 243
269 310 237 244 233
180 226 258 379 152
245 285 254 320 168
177 244 263 306 175
246 262 247 334 170
204 245 252 330 147
270 281 241 285 165
201 263 257 257 170
356 323 183 259 305
312 301 186 196 307
313 272 190 237 239
162 218 236 297 221
204 251 241 303 217
136 204 261 316 154
192 218 212 385 217
200 237 225 379 207
244 314 250 279 236
245 291 243 293 238
243 228 174 331 281
272 292 232 317 210
264 273 219 323 220
265 296 221 320 223
247 296 245 352 213
248 273 238 366 215
240 254 225 372 225
179 255 254 338 220
203 274 248 289 215
222 246 203 290 294
215 266 202 295 280
223 285 215 289 270
230 265 216 284 284
237 272 230 299 248
198 289 228 324 273
191 247 208 344 285
199 266 221 338 275
216 243 195 309 282
310 298 161 304 342
325 324 188 313 296
290 287 194 304 287
291 264 187 318 289
305 313 221 313 241
313 332 234 307 231
306 290 214 327 243
267 307 212 352 268
259 288 199 358 278
260 265 192 372 280
330 309 208 278 238
284 284 186 323 275
