417 521 313 602 554
481 585 295 578 556
474 659 358 595 572
444 639 365 574 578
442 659 351 559 580
475 653 375 532 569
471 677 363 522 595
505 707 377 529 592
474 684 363 507 602
476 664 377 522 600
473 707 370 493 600
481 726 383 487 590
477 641 370 536 602
436 728 356 493 585
516 568 327 468 653
472 546 330 405 655
445 578 336 461 642
364 647 437 506 549
378 664 410 504 587
398 618 454 493 540
439 610 459 510 544
411 658 434 477 576
397 641 461 479 538
429 646 438 466 580
421 627 425 472 590
428 669 445 452 578
386 683 423 498 577
419 677 447 471 566
473 609 410 481 606
453 627 432 508 582
443 614 405 504 589
451 633 418 498 579
439 638 393 494 615
447 657 406 488 605
455 598 442 459 581
441 617 410 481 596
414 680 406 438 611
446 680 413 474 603
415 657 399 452 613
407 638 386 458 623
444 700 399 459 605
443 723 406 445 603
451 742 419 439 593
449 770 412 460 577
441 751 399 466 587
412 708 399 459 595
442 728 392 480 589
427 734 426 468 549
444 708 406 495 587
461 705 443 455 540
410 620 381 531 600
415 592 434 520 578
412 635 427 491 578
381 621 417 533 587
418 639 394 525 590
417 662 401 511 588
414 615 441 506 576
424 584 432 501 590
408 623 386 508 607
349 621 410 497 595
375 573 414 490 596
382 615 434 470 584
383 592 427 484 586
466 639 382 518 587
480 676 418 505 571
460 669 452 488 570
458 689 438 473 572
461 646 445 502 572
437 666 386 515 599
470 660 410 488 588
445 685 399 509 589
478 679 423 482 578
475 679 377 472 616
476 656 370 486 618
449 663 349 412 630
473 682 382 449 623
474 659 375 463 625
478 612 320 454 636
479 589 313 468 638
485 583 403 535 595
486 617 358 500 615
479 613 377 515 618
478 636 384 501 616
434 615 350 521 613
444 591 398 518 591
487 594 351 514 617
471 594 364 521 628
466 640 362 469 635
480 629 401 483 602
442 594 403 495 598
471 637 403 502 590
455 569 356 434 648
470 700 370 508 593
474 658 395 512 577
488 648 414 477 592
498 679 332 497 615
497 702 339 483 613
460 566 391 431 619
482 601 408 462 618
435 591 380 452 620
437 597 345 594 590
462 593 332 559 587
445 616 358 588 580
413 577 388 560 600
461 616 339 545 585
482 571 308 541 615
442 620 388 567 592
481 594 315 527 613
467 616 375 532 589
432 643 343 542 597
469 622 357 542 612
515 591 334 454 651
495 613 358 472 623
496 590 351 486 625
492 509 461 444 563
406 510 341 450 637
427 572 367 458 630
389 533 367 479 630
436 547 397 480 624
447 550 343 440 658
415 485 371 472 631
398 598 391 504 594
418 576 367 486 622
410 595 393 487 623
444 566 410 474 614
443 589 417 460 612
449 580 419 466 587
430 554 362 531 607
434 575 390 501 608
475 528 325 478 632
483 526 362 486 624
484 503 355 500 626
450 532 338 513 635
369 555 391 497 602
403 526 408 484 593
395 507 395 490 603
378 530 421 519 596
494 533 406 427 614
461 539 382 454 625
495 510 399 441 616
461 543 384 445 621
480 544 367 413 647
479 549 353 448 633
472 554 356 597 538
471 577 363 583 536
465 532 363 582 542
470 591 369 567 579
471 568 362 581 581
515 565 332 514 604
450 536 436 494 591
458 555 449 488 581
519 554 420 522 586
513 518 421 523 547
520 540 414 538 543
439 529 392 553 601
447 548 405 547 591
464 525 379 518 598
463 548 386 504 596
505 565 381 508 619
438 573 375 525 597
446 571 412 533 589
445 554 387 600 514
477 577 399 570 540
486 594 389 590 535
448 534 399 563 548
454 555 419 562 555
427 537 438 547 536
486 569 397 551 552
393 556 448 528 550
407 573 421 526 588
422 599 448 535 542
465 562 463 503 545
499 543 453 522 531
480 585 457 482 532
457 578 456 474 579
466 557 457 451 562
405 641 374 567 577
550 750 403 389 608
523 748 434 414 588
521 776 427 435 572
575 669 468 368 525
567 667 460 405 544
558 687 446 420 554
558 692 430 383 550
596 710 460 412 536
560 659 453 399 570
551 668 437 390 558
564 710 453 376 544
504 714 460 428 535
531 690 461 408 530
531 716 429 403 555
521 747 438 408 541
538 758 449 383 543
530 739 436 389 553
607 713 406 372 570
555 735 423 354 550
548 711 430 361 558
572 712 461 339 525
587 735 430 390 542
604 712 468 375 517
526 705 441 443 588
535 693 438 441 546
543 712 451 435 536
533 696 443 418 553
563 716 436 439 547
533 711 458 430 535
582 750 410 425 600
576 714 411 426 561
553 707 410 418 608
562 778 406 417 533
599 757 420 417 548
631 757 427 453 540
562 739 443 425 545
560 569 395 382 632
557 568 457 385 579
568 571 403 345 613
612 624 418 321 560
601 621 472 361 526
555 596 450 406 563
584 644 434 376 551
592 615 424 426 583
584 613 416 463 602
575 638 386 441 608
612 667 408 424 563
552 657 445 436 589
523 614 445 429 597
587 704 412 477 593
555 704 405 441 601
545 688 397 424 618
614 706 381 452 613
553 645 439 430 542
560 625 440 425 556
575 648 434 404 543
619 691 401 417 555
610 695 401 445 547
594 695 414 452 558
602 714 427 446 548
559 648 447 411 554
470 642 470 402 550
551 594 365 360 638
563 660 391 396 623
595 616 362 423 636
600 601 382 388 578
526 598 378 395 641
558 597 388 403 616
604 622 410 358 579
587 661 422 374 590
579 659 414 411 609
639 669 377 399 583
573 623 415 412 570
474 694 467 407 541
494 705 434 407 596
517 712 435 415 549
499 690 454 372 538
499 685 470 409 542
520 669 442 444 549
543 682 415 414 595
514 639 415 407 603
520 657 438 400 597
477 694 423 432 594
528 659 446 363 578
486 686 421 413 606
529 644 446 413 562
536 668 465 459 535
524 704 445 437 541
582 531 453 332 549
617 578 420 373 553
609 576 412 410 572
602 606 313 494 502
601 620 319 478 545
562 630 442 484 531
583 627 403 500 543
563 607 435 498 533
576 605 410 485 547
570 649 455 478 521
597 667 436 493 540
605 669 444 456 521
608 671 414 473 487
603 648 371 500 485
616 646 346 487 499
606 658 352 488 502
602 671 378 486 483
602 671 420 475 492
627 705 388 459 540
611 681 395 461 504
620 698 385 481 499
590 643 417 447 567
598 662 388 452 548
591 620 368 472 560
580 630 418 452 541
603 592 326 457 561
635 617 338 405 583
594 630 349 460 577
615 639 362 423 555
516 528 455 395 558
652 668 384 406 510
632 690 408 424 482
647 645 341 433 508
621 669 389 460 501
636 642 395 473 474
622 630 432 440 510
632 616 400 408 530
657 579 396 355 500
649 577 388 392 519
640 602 358 370 525
605 580 418 459 496
624 614 392 445 549
607 604 405 431 556
636 668 439 402 530
628 666 431 439 549
527 556 428 485 567
543 573 414 473 581
578 577 417 464 563
560 550 452 458 556
563 551 390 455 609
518 725 391 441 586
577 727 367 452 598
502 764 345 448 603
507 787 388 421 605
510 744 395 450 605
527 721 369 421 612
539 743 359 448 618
534 764 352 484 595
510 637 332 402 658
518 656 345 396 648
490 659 356 420 630
524 630 373 407 621
491 654 376 421 628
508 631 350 392 635
520 653 340 419 641
491 636 349 434 632
524 626 371 416 625
531 660 384 360 631
590 662 360 371 643
570 684 384 389 615
561 688 384 417 607
542 676 302 430 638
547 699 345 403 640
515 699 338 367 648
535 633 319 367 655
471 702 368 434 625
498 678 369 414 620
481 663 356 448 622
504 696 392 407 614
488 697 369 392 628
466 747 386 431 584
502 725 382 456 615
478 744 388 414 613
495 721 362 385 620
470 725 375 420 623
552 653 347 455 633
558 637 348 423 621
579 655 316 430 653
593 644 355 444 620
559 677 340 448 625
487 663 414 427 608
489 643 428 442 606
507 653 399 436 614
487 598 449 495 573
526 596 440 502 574
518 577 427 508 584
582 681 369 504 591
576 645 370 505 552
581 668 413 478 554
568 670 438 491 540
565 656 373 506 541
622 682 345 486 538
605 672 358 472 545
608 670 382 453 574
557 675 399 507 542
564 673 412 520 551
595 672 407 466 560
582 641 409 484 586
580 709 362 525 575
529 584 375 459 614
512 607 401 488 607
500 610 399 505 578
504 588 388 494 617
516 609 417 537 538
549 603 441 510 527
527 652 328 500 603
561 619 343 496 598
535 658 346 497 630
545 658 297 503 615
534 681 353 483 628
550 681 340 476 617
568 652 370 470 619
591 683 319 458 578
566 720 323 511 608
507 679 384 508 608
532 675 371 473 605
509 650 394 459 607
566 642 386 469 600
551 619 392 490 613
541 641 367 514 570
541 650 401 495 599
523 639 433 473 574
546 664 410 487 572
558 661 412 470 601
550 642 399 476 611
555 639 440 509 566
548 670 392 497 595
549 647 385 511 597
539 678 394 516 583
524 574 433 412 590
515 595 432 435 607
540 591 419 400 604
531 595 419 428 596
516 572 425 449 609
482 574 443 439 576
514 600 418 470 593
513 623 425 456 591
521 642 438 450 581
440 632 410 431 612
441 609 403 445 614
463 657 387 445 610
448 651 423 425 602
483 635 363 427 638
484 612 356 441 640
452 612 349 405 648
454 592 363 420 646
451 635 356 391 646
459 654 369 385 636
534 617 391 389 631
517 606 380 414 629
506 620 402 413 613
507 597 395 427 615
485 606 373 378 637
546 665 390 438 620
499 634 386 442 624
483 698 390 466 606
515 698 397 502 598
507 718 347 500 596
550 725 398 477 578
512 741 390 473 598
536 696 399 443 606
571 743 366 484 610
542 700 366 477 618
585 732 405 498 577
553 732 398 462 585
541 710 408 435 579
530 703 364 494 589
503 702 375 470 617
510 769 383 494 582
516 753 384 462 570
527 751 405 442 553
507 671 467 457 535
499 652 454 463 545
492 672 453 468 531
491 683 462 446 561
497 687 429 480 573
485 665 439 453 567
502 697 448 472 544
503 674 441 486 546
454 621 449 445 579
486 621 456 481 571
494 640 469 475 561
462 640 462 439 569
497 624 402 441 605
490 645 409 500 585
489 668 416 486 583
490 620 421 456 608
472 632 417 467 604
480 651 430 461 594
519 663 421 463 600
518 686 428 449 598
487 671 421 463 590
517 691 414 484 584
457 712 445 459 570
484 714 414 434 590
492 733 427 428 580
524 733 434 464 572
516 714 421 470 582
475 722 416 453 578
538 650 445 470 546
529 658 447 489 534
556 660 416 464 554
529 626 445 479 547
528 649 452 465 545
550 685 438 457 573
537 655 431 505 532
556 689 405 491 585
585 703 416 471 546
579 696 406 499 538
626 734 384 480 538
588 692 406 471 546
505 540 354 378 644
488 563 380 407 637
540 587 321 419 648
527 575 371 409 643
549 562 351 441 642
479 588 350 385 643
481 521 360 427 649
530 557 366 482 620
523 610 347 448 641
471 569 337 391 653
529 580 373 468 618
547 630 304 482 631
514 596 320 489 637
513 619 327 475 635
511 614 325 416 660
547 590 344 462 626
478 572 360 434 631
500 611 379 456 626
525 603 364 430 627
544 608 349 389 649
411 583 370 613 523
452 572 378 624 514
414 563 382 576 557
440 515 386 569 558
436 584 389 568 553
438 543 379 590 542
446 562 392 584 532
391 584 441 549 534
534 580 447 531 540
493 611 417 531 540
494 588 410 545 542
519 563 421 524 541
467 588 441 548 518
500 609 430 544 549
492 625 423 515 583
473 591 449 529 530
533 603 454 517 538
556 625 434 525 523
522 645 416 536 577
521 668 423 522 575
483 633 425 534 571
515 632 424 523 536
518 568 407 559 527
525 661 421 518 545
518 619 401 538 557
460 591 391 618 504
503 633 334 549 608
536 627 358 522 597
518 656 328 528 595
498 678 352 546 567
510 675 354 529 596
502 656 341 535 606
516 645 380 549 573
508 656 377 522 610
501 661 327 570 592
500 684 334 556 590
534 655 351 543 581
506 684 370 543 594
495 625 328 571 553
502 616 381 515 601
510 635 394 509 591
484 648 384 551 566
428 603 415 569 554
443 606 382 583 549
476 591 405 554 583
470 555 406 555 544
476 600 406 556 538
475 614 412 540 581
478 610 382 561 569
493 602 416 529 585
462 574 432 556 545
461 597 439 542 543
456 580 438 554 528
450 639 401 561 582
452 583 412 583 539
484 597 390 572 536
544 580 398 537 525
511 586 374 564 536
551 602 391 552 521
518 608 367 579 532
550 616 397 536 564
517 622 373 563 575
560 633 330 533 539
557 623 349 545 522
503 593 374 529 603
438 583 339 610 547
454 583 326 603 536
446 602 352 604 537
468 623 359 596 533
452 623 372 603 544
460 642 385 597 534
445 625 359 590 535
475 645 352 611 529
396 538 443 601 527
450 577 430 573 516
393 581 436 572 527
433 600 456 602 509
427 600 420 615 505
433 609 457 604 464
475 577 458 607 453
467 558 445 613 463
332 542 451 704 365
376 526 425 697 373
375 505 466 672 368
388 504 473 679 295
403 573 364 657 472
334 618 407 668 445
363 621 429 656 435
366 618 414 704 437
380 504 392 661 453
363 527 418 690 446
388 523 405 655 443
380 578 464 691 373
348 578 457 655 381
376 595 466 680 312
364 567 463 652 387
395 592 390 658 473
389 573 433 649 436
368 589 424 655 436
400 589 431 691 428
360 570 411 661 446
392 570 418 697 438
368 550 461 663 448
331 571 447 663 433
354 552 388 668 452
359 575 431 641 454
383 595 388 675 444
365 568 466 590 471
382 604 465 609 450
336 550 454 627 456
365 593 454 634 448
356 484 435 627 463
408 516 491 583 449
395 552 430 638 468
406 559 474 579 458
410 466 531 629 212
398 438 528 601 287
397 467 524 622 285
358 468 570 532 289
370 490 560 559 295
365 511 553 595 272
397 524 437 617 484
502 532 505 567 270
535 544 493 561 346
535 553 494 563 301
510 538 523 564 297
502 519 510 570 307
534 558 480 598 287
494 557 504 616 340
497 547 485 602 328
500 604 468 642 305
462 518 534 588 360
470 537 547 582 350
465 514 504 609 348
464 537 511 595 346
499 511 523 536 386
486 537 528 539 355
497 539 516 557 370
380 528 509 645 370
437 559 491 590 441
436 566 530 595 359
428 564 522 632 378
453 560 509 597 375
453 486 501 581 423
424 512 483 638 378
482 529 501 588 415
457 538 498 586 414
428 521 532 529 375
455 566 491 607 398
471 470 528 553 292
468 526 556 550 305
446 474 541 588 295
426 509 561 546 282
466 554 549 571 289
400 558 520 636 276
426 510 524 629 277
434 529 537 623 267
433 552 544 609 265
475 525 527 570 228
458 548 531 574 262
475 516 526 568 273
477 536 518 602 273
470 494 498 622 285
478 513 511 616 275
474 530 513 605 214
422 501 534 595 342
433 558 533 582 335
426 553 531 600 333
430 478 549 533 366
433 475 534 581 368
416 575 506 624 290
453 563 511 609 320
431 572 530 594 267
436 540 486 666 303
461 536 473 631 300
424 581 524 621 317
432 583 532 584 298
490 574 506 605 279
456 620 494 649 297
402 490 567 595 287
399 533 560 566 287
385 513 529 610 312
397 536 565 543 294
385 527 435 634 455
399 549 456 609 457
393 546 448 628 445
411 513 476 631 451
385 589 406 622 521
418 583 430 595 510
380 566 363 649 519
414 537 380 636 510
406 518 367 642 520
443 580 380 643 502
419 560 423 609 512
428 577 413 629 507
420 558 400 635 517
419 572 387 672 458
452 584 479 666 368
448 575 489 632 433
444 592 491 621 372
484 609 491 614 390
487 605 461 635 378
421 544 394 651 474
429 563 407 645 464
417 566 405 662 435
435 533 433 665 441
443 552 446 659 431
426 567 437 624 476
428 586 414 631 462
408 566 446 629 452
441 576 420 636 434
399 612 438 677 426
416 589 412 648 433
409 581 429 672 440
414 604 472 645 442
411 596 475 632 418
477 506 458 615 413
451 554 454 622 412
481 558 455 620 404
484 548 478 595 401
483 553 422 641 378
512 596 422 648 370
499 597 415 641 443
541 570 398 602 406
405 574 451 656 370
420 584 472 630 376
422 580 436 679 367
404 548 466 679 360
412 567 479 673 350
423 541 479 659 376
456 551 453 666 358
448 532 440 672 368
466 633 451 655 314
492 585 455 648 315
468 612 448 655 362
437 544 381 644 463
332 582 465 538 522
302 662 436 641 432
392 556 512 673 295
360 556 505 637 303
317 593 490 669 300
328 600 534 610 290
349 618 502 617 322
362 635 416 693 376
396 606 433 680 367
378 596 462 686 359
377 581 479 643 371
377 621 457 662 373
303 633 440 682 364
329 585 444 675 365
351 619 498 623 369
375 639 455 657 359
383 658 468 651 349
316 622 486 628 368
351 669 453 669 372
335 658 452 630 386
305 565 487 641 375
363 647 501 651 294
387 602 510 621 302
389 599 505 644 295
381 657 472 645 302
347 686 455 658 311
422 649 477 662 306
441 606 441 620 462
435 602 474 586 450
411 607 487 597 440
411 622 477 572 465
410 632 482 573 454
474 600 465 593 451
395 687 522 521 443
413 735 483 544 437
414 712 476 558 439
368 667 485 525 502
369 644 478 539 504
369 653 479 541 459
410 636 483 556 508
427 643 493 548 456
445 691 454 571 450
439 697 464 564 439
406 693 463 564 449
367 681 472 562 443
409 650 470 593 449
408 650 480 568 440
381 589 482 566 462
349 633 511 539 449
384 619 511 569 428
383 642 518 555 426
367 721 432 582 448
347 701 464 580 438
358 707 405 623 444
366 726 418 617 434
365 749 425 603 432
403 705 432 617 449
402 728 439 603 447
395 686 419 623 459
373 612 467 628 438
377 625 458 645 427
376 610 475 602 439
411 647 465 616 442
372 635 474 614 436
394 658 436 625 433
395 646 441 604 457
431 637 450 625 448
429 657 436 610 450
398 643 426 652 459
427 591 400 666 448
426 614 407 652 446
424 595 430 645 460
432 614 443 639 450
465 626 398 654 452
426 734 490 613 294
384 680 478 580 453
489 719 464 635 367
458 696 450 613 377
448 727 459 618 363
426 740 479 586 364
418 721 466 592 374
446 745 457 613 349
425 763 486 572 362
415 733 435 645 374
414 756 442 631 372
411 759 457 583 370
439 752 429 596 369
412 736 450 597 372
487 739 450 620 369
486 762 457 606 367
455 700 480 592 389
457 719 457 599 375
400 708 447 569 447
440 712 447 607 427
436 699 456 590 438
381 710 471 596 415
419 666 478 610 432
382 687 464 610 417
427 711 483 627 296
380 695 488 553 427
379 709 475 590 368
380 697 480 569 392
383 694 465 617 394
416 688 489 590 383
417 665 482 604 385
415 683 480 599 371
393 620 383 679 457
406 619 390 686 384
475 654 468 635 350
421 678 473 621 374
442 660 444 662 361
443 665 453 653 373
444 642 446 667 375
458 657 487 621 389
453 634 444 648 387
441 685 439 638 375
490 696 457 649 369
367 697 422 658 366
407 714 422 651 384
407 674 444 632 382
410 671 429 680 384
390 663 376 650 457
430 682 396 680 439
422 663 383 686 449
398 682 389 644 447
447 659 370 651 446
429 705 403 666 437
427 725 389 651 439
482 677 444 655 379
463 676 420 653 428
473 645 411 648 442
456 634 400 673 440
455 657 407 659 438
478 625 405 661 379
486 644 418 655 369
478 668 454 621 444
472 668 418 634 440
441 689 440 621 429
433 670 427 627 439
427 685 411 632 437
396 655 431 648 426
339 641 450 641 447
336 633 453 628 423
335 656 460 614 421
361 664 412 652 444
350 648 494 582 437
384 663 477 642 361
423 675 468 644 367
385 590 515 610 360
410 619 482 618 416
396 564 515 596 386
364 608 544 569 373
353 601 500 628 383
377 571 502 616 370
391 585 508 632 363
365 553 476 615 446
360 625 546 558 312
423 610 520 580 385
410 621 474 634 381
412 603 476 639 395
395 672 513 599 316
392 664 516 586 292
358 693 499 599 301
394 701 509 558 384
364 582 472 574 514
361 625 465 545 514
304 594 483 600 443
335 673 461 552 513
363 596 459 611 455
334 687 448 589 454
438 624 429 679 432
432 654 403 659 455
446 643 442 673 422
445 666 449 659 420
415 742 455 594 431
460 719 413 624 428
443 721 417 583 453
475 721 424 619 445
474 744 431 605 443
478 677 474 570 501
480 681 462 545 461
475 669 477 557 477
476 697 460 555 503
478 716 437 562 489
470 697 424 568 499
461 705 426 587 487
441 698 460 570 486
474 696 464 549 456
484 725 474 551 448
476 706 461 557 458
507 759 437 569 481
508 745 431 585 438
475 711 447 592 444
478 709 455 566 445
474 734 454 578 442
481 738 484 529 444
486 728 468 560 435
485 751 475 546 433
482 753 467 572 432
434 656 440 590 498
442 675 453 584 488
481 778 444 549 449
446 760 466 535 476
471 787 424 576 443
472 764 417 590 445
465 766 404 577 436
468 764 428 558 465
489 787 400 544 453
435 753 422 594 486
496 727 405 584 514
491 798 391 576 498
494 755 398 605 498
480 715 365 612 501
487 713 378 625 510
486 736 385 611 508
487 722 379 627 465
605 643 400 527 465
571 672 425 529 483
595 655 406 528 468
569 679 454 555 461
543 659 450 566 447
576 669 424 573 429
551 678 463 560 437
566 681 430 574 432
577 655 418 589 386
584 671 432 536 410
528 639 452 565 440
544 636 443 580 449
540 636 454 548 469
532 685 450 580 421
518 693 440 589 403
548 713 433 610 397
551 703 414 596 385
456 643 420 622 497
464 662 433 616 487
474 640 425 613 456
474 631 424 611 501
473 654 431 597 499
535 699 436 566 515
563 670 417 566 502
528 701 423 553 506
520 707 402 598 499
536 685 430 582 472
527 693 418 569 488
536 668 448 591 482
502 697 431 604 491
509 667 449 567 453
515 688 469 566 460
508 690 456 553 451
518 684 439 587 448
502 687 448 572 439
508 705 471 565 433
455 687 403 594 493
496 676 411 605 484
503 674 424 618 493
564 656 411 582 459
531 662 387 609 470
530 685 394 595 468
521 693 396 614 456
535 682 435 628 423
544 661 394 616 397
543 675 400 600 440
533 687 406 601 443
479 654 467 584 503
458 606 407 652 456
457 629 414 638 454
465 648 427 632 444
471 618 453 652 421
470 649 441 627 454
502 688 411 655 434
488 699 372 641 467
504 620 458 614 445
506 639 435 621 431
501 673 428 612 446
444 651 466 616 432
443 661 447 600 445
414 643 435 637 430
435 642 434 606 455
411 657 442 643 443
445 628 459 630 434
413 666 442 623 428
443 646 457 625 420
443 686 435 644 422
443 682 454 591 465
477 691 461 607 442
476 676 478 564 454
477 653 471 578 456
486 645 469 559 468
450 728 455 624 410
442 709 442 630 420
480 792 431 586 390
479 806 437 570 433
506 773 424 606 422
495 741 392 621 455
506 733 446 587 420
509 730 431 635 422
492 784 385 592 455
477 730 424 599 430
503 776 439 558 420
519 679 453 552 462
477 683 454 571 460
479 663 468 586 458
510 687 455 571 450
508 705 453 566 436
523 707 482 560 450
508 715 448 592 434
517 707 446 573 446
522 730 489 546 448
504 660 418 634 450
483 663 457 618 438
470 662 436 624 417
501 711 418 641 432
449 713 472 581 422
441 694 459 587 432
442 684 454 586 443
488 725 463 583 428
619 657 359 495 429
610 690 391 480 473
503 683 425 620 448
537 654 442 607 439
568 693 460 539 504
577 672 419 527 478
576 701 415 548 476
560 704 424 533 467
610 666 443 500 467
600 678 449 501 470
609 695 439 521 465
617 697 447 484 446
576 695 468 502 485
601 691 413 478 473
552 721 380 587 496
546 685 381 588 457
537 718 413 573 501
538 704 407 589 458
512 718 366 592 462
588 658 364 549 420
594 694 363 548 459
579 691 396 534 464
569 703 402 535 467
589 700 422 555 403
622 694 446 528 392
511 702 438 614 438
550 717 420 580 428
526 707 405 606 429
532 710 413 587 441
552 689 427 559 444
528 679 412 585 445
633 697 392 488 426
639 733 391 487 465
585 809 471 472 466
588 766 478 501 466
571 769 438 479 469
580 786 428 499 464
612 786 435 535 456
595 735 389 534 529
600 758 432 507 531
597 760 408 526 502
553 784 459 524 444
551 787 464 501 451
615 713 434 453 475
605 743 452 472 473
599 692 455 485 513
607 694 421 459 485
625 721 428 454 501
568 717 408 519 510
584 714 439 507 466
581 724 458 521 478
574 726 445 508 469
580 747 465 507 476
591 724 409 527 463
583 743 435 528 464
510 716 444 598 481
499 740 418 570 440
505 758 441 563 434
535 708 437 568 470
514 750 439 544 446
522 769 452 538 436
555 755 453 590 385
552 798 446 561 385
596 742 442 535 391
588 723 429 541 401
582 702 409 542 394
613 719 416 506 398
592 710 403 543 420
572 732 427 561 392
588 723 471 530 410
551 812 452 545 428
548 722 453 559 454
549 699 446 573 456
573 718 440 524 451
556 741 466 553 444
542 741 456 546 503
534 722 443 552 513
543 727 450 562 460
575 724 422 534 474
540 770 443 533 460
566 707 432 514 479
542 712 467 519 472
540 730 465 514 458
547 726 476 511 445
544 745 444 521 463
520 750 475 531 450
543 768 451 507 461
551 704 465 500 484
598 746 402 542 459
540 780 420 560 461
567 747 407 596 450
608 734 396 541 456
571 746 433 545 435
564 750 422 548 448
566 761 413 580 493
534 761 406 544 501
566 732 424 553 462
552 772 374 566 526
523 783 380 538 464
537 823 413 531 461
547 736 440 596 395
546 750 446 580 438
540 729 426 581 431
547 727 439 594 440
554 769 459 574 428
580 721 463 567 429
363 661 407 675 437
371 680 420 669 427
370 703 427 655 425
427 734 409 600 496
428 711 402 614 498
426 714 407 591 505
447 668 390 600 503
431 668 409 643 498
430 691 416 629 496
404 674 444 642 416
436 739 416 610 443
397 705 396 630 445
416 719 448 608 433
428 720 403 616 453
408 700 435 614 443
429 697 396 630 455
431 677 410 645 453
431 770 424 583 425
434 767 409 631 427
426 748 396 637 437
431 785 414 558 450
423 766 401 564 460
438 732 433 592 429
437 755 440 578 427
454 701 390 631 434
460 704 398 612 446
467 702 411 625 455
410 788 453 542 438
445 774 453 572 417
411 765 446 556 440
399 668 402 607 506
418 695 394 597 515
401 600 449 566 517
430 618 461 529 532
420 627 441 556 526
554 693 387 566 512
547 671 394 551 516
565 642 424 545 518
556 667 394 523 524
539 690 420 552 517
549 681 378 552 535
561 675 388 539 522
529 687 436 516 565
553 707 393 550 555
539 718 354 536 588
521 707 386 514 563
544 713 463 525 519
536 694 450 531 529
530 673 430 532 522
537 671 443 545 531
570 665 467 518 520
561 690 437 496 526
567 693 445 477 538
536 733 413 523 517
568 733 420 559 509
566 698 431 512 524
563 696 419 506 549
554 704 421 525 537
594 669 412 512 511
586 718 399 514 534
560 698 395 525 520
581 695 356 541 532
574 673 363 526 536
579 719 330 518 535
457 620 413 636 499
537 746 347 557 572
538 732 341 573 529
531 710 348 558 533
481 639 407 587 494
471 674 417 582 501
480 670 395 562 527
469 705 356 543 579
491 690 404 531 554
508 703 347 550 580
486 673 403 543 539
492 667 397 545 556
535 641 345 559 538
509 689 341 566 537
516 687 354 579 546
507 670 364 559 551
501 670 328 572 547
517 670 315 565 536
497 692 339 583 508
488 657 398 611 494
508 639 376 584 518
489 685 385 604 526
482 687 372 591 517
515 659 367 586 514
523 678 380 580 504
489 669 373 564 527
517 735 380 557 517
515 710 361 565 544
511 732 372 576 505
488 708 392 590 524
513 704 379 555 521
529 699 400 579 511
521 710 397 552 548
514 712 384 539 539
518 712 373 571 519
523 729 374 559 534
578 641 431 552 445
572 649 376 554 476
575 659 357 542 493
588 633 413 513 472
507 653 382 568 561
532 648 400 572 529
522 628 415 598 485
507 625 448 584 490
524 664 393 543 563
522 679 409 577 515
504 668 441 555 490
510 653 462 530 512
507 651 450 524 537
522 654 417 538 532
531 671 407 558 527
498 659 452 543 525
525 650 387 559 520
517 631 374 565 530
549 630 384 573 505
530 676 393 593 513
521 659 403 573 518
520 682 410 559 516
505 679 443 545 521
554 653 427 546 507
450 622 400 623 490
448 645 383 614 505
489 634 391 625 496
506 667 369 605 502
449 631 377 630 462
510 600 361 601 477
516 636 360 600 516
416 606 413 586 525
496 631 441 555 510
490 589 445 570 505
532 608 440 552 524
548 617 428 547 468
523 631 410 552 534
508 628 443 538 539
502 634 449 536 522
490 640 439 549 535
506 656 436 559 523
488 668 432 570 519
498 637 423 565 533
531 631 447 538 522
539 650 460 532 512
500 652 469 525 511
432 623 463 588 507
439 635 447 554 521
464 599 451 548 518
463 622 458 534 516
473 606 464 541 512
449 600 437 559 514
460 602 425 577 529
459 625 432 563 527
482 642 402 541 543
485 617 396 576 533
493 636 409 570 523
491 617 432 563 537
475 605 392 591 524
482 647 412 571 512
474 628 399 577 522
489 645 425 584 521
492 616 403 566 526
491 639 410 552 524
424 625 426 580 515
430 643 449 573 509
430 628 434 561 527
450 648 402 563 537
457 646 415 576 546
465 665 428 570 536
459 665 392 583 532
442 603 387 629 500
419 602 383 607 513
425 620 406 600 507
474 668 359 597 527
467 646 366 582 531
451 625 395 577 539
473 673 345 632 513
457 693 385 604 516
458 670 378 618 518
472 696 352 618 511
449 653 388 598 523
483 645 389 597 517
502 647 321 586 549
455 674 408 597 530
448 676 395 584 521
491 664 402 591 507
396 621 442 602 494
397 632 424 662 428
470 582 349 618 522
444 630 345 625 521
484 622 382 611 519
436 611 332 631 531
409 609 363 656 511
485 608 376 627 476
426 631 408 590 538
441 634 375 604 533
458 679 379 620 473
459 656 372 634 475
467 637 346 633 474
451 637 359 640 485
443 653 352 611 519
450 651 365 624 528
416 651 383 636 499
423 649 396 649 508
417 628 376 650 501
453 662 378 632 458
461 681 391 626 448
446 682 377 637 444
471 669 385 625 445
498 620 422 627 441
464 679 415 607 477
472 630 428 605 454
391 614 401 669 434
424 635 390 665 465
412 591 375 597 541
394 606 396 642 516
378 636 476 520 516
407 679 476 527 508
427 669 461 536 514
412 683 394 547 565
410 703 380 532 567
413 660 387 561 567
468 653 459 517 536
444 672 465 475 534
426 684 461 486 530
427 661 454 500 532
466 659 445 507 533
432 688 428 520 542
433 665 421 534 544
429 641 468 515 530
437 638 452 531 528
466 681 452 538 520
460 711 426 518 543
485 686 437 497 542
385 706 430 484 575
401 709 450 507 531
393 690 437 513 541
391 718 430 534 525
400 623 456 552 515
396 647 444 542 541
447 654 460 548 511
420 667 401 576 531
394 675 437 563 525
428 646 454 550 516
446 705 401 518 580
473 682 365 581 570
456 708 385 554 532
481 701 378 575 560
485 666 402 536 562
441 682 358 545 578
449 701 371 539 568
449 662 408 547 580
447 682 394 532 582
481 665 409 527 541
446 654 411 534 556
445 719 388 555 521
463 693 421 591 520
431 693 414 555 528
452 692 413 524 553
423 674 401 561 538
479 693 402 548 525
430 716 421 541 526
363 636 419 631 460
379 657 435 607 451
396 630 443 604 449
567 801 449 390 535
554 728 369 505 543
545 729 391 503 543
568 772 453 431 467
570 783 444 463 512
533 804 430 463 497
536 802 454 444 526
572 755 451 442 528
541 740 444 456 520
573 743 445 436 481
559 718 430 517 510
573 740 451 492 512
571 715 432 500 539
575 712 458 471 528
576 700 452 465 481
565 721 438 498 522
565 711 465 466 527
583 721 414 466 532
583 771 369 512 535
565 760 401 490 510
563 779 418 507 516
551 771 362 476 543
559 751 412 478 545
568 758 425 471 539
594 778 413 453 525
556 794 405 449 545
561 765 450 391 496
564 722 457 420 496
570 758 456 419 535
556 736 435 444 533
432 662 426 580 495
429 666 456 559 507
446 677 467 534 509
464 688 435 556 534
496 687 445 564 509
499 675 476 511 509
400 732 457 493 529
432 771 427 521 509
417 745 400 512 555
443 695 472 461 532
434 703 474 480 520
457 754 419 489 543
432 731 467 501 504
459 734 433 504 541
441 723 465 482 516
479 771 472 499 455
490 730 482 510 456
522 722 482 510 466
519 748 494 473 471
512 706 474 493 483
537 773 458 485 458
544 769 469 482 445
539 755 460 490 472
556 766 471 465 474
548 747 458 471 484
517 768 480 458 473
544 744 481 438 468
536 725 468 444 478
504 737 482 476 499
476 672 472 511 526
473 715 465 482 526
475 695 479 497 524
474 700 465 532 510
505 762 442 546 488
508 780 413 524 469
496 783 411 541 440
502 805 435 517 488
503 791 429 533 445
534 790 424 479 454
539 784 449 517 503
504 694 443 495 537
503 699 429 530 523
495 702 445 514 525
512 713 456 489 527
506 719 462 487 510
507 734 449 525 504
493 705 450 491 532
493 730 438 535 509
510 741 449 510 511
536 678 438 491 530
532 717 441 493 538
472 763 454 507 450
471 752 459 505 465
471 743 458 503 510
483 739 480 535 491
475 720 467 541 501
491 707 475 524 458
473 723 472 518 508
483 771 461 531 435
479 756 482 524 430
490 813 481 511 423
482 794 468 517 433
513 803 456 497 471
513 752 462 518 441
519 773 482 517 448
527 792 495 511 438
503 673 461 535 498
509 676 469 516 510
507 694 489 505 499
437 685 469 553 497
439 718 446 555 488
478 744 371 546 560
493 770 398 555 514
464 727 398 548 522
484 731 383 552 533
505 746 340 521 580
483 754 390 538 531
522 797 386 522 507
473 790 369 494 567
474 776 363 510 524
491 773 403 532 521
511 755 377 510 539
520 772 367 530 534
493 754 386 515 515
476 747 376 523 567
451 754 383 502 539
500 692 429 545 516
499 715 436 531 514
498 720 422 566 500
528 752 417 532 536
525 754 393 551 507
487 712 415 542 515
493 715 423 523 527
520 733 404 538 546
494 692 416 537 529
502 722 436 516 521
522 704 414 489 545
496 752 410 496 544
469 750 441 521 524
461 731 428 527 534
497 743 429 552 498
459 759 421 548 518
467 778 434 542 508
484 755 408 513 515
454 724 414 512 570
484 689 409 522 560
490 679 402 541 523
492 708 422 516 550
462 708 421 541 536
489 684 422 521 531
478 719 383 502 583
468 728 363 529 577
513 726 390 523 582
488 733 397 502 554
428 686 414 570 521
425 729 407 541 521
475 762 376 473 583
514 738 475 481 500
535 736 477 422 508
504 722 467 464 517
539 759 461 473 526
531 740 448 479 536
499 740 441 443 544
504 777 442 496 504
541 756 456 496 519
476 824 442 497 456
548 830 457 472 451
465 731 458 453 560
526 730 429 487 565
500 749 436 467 533
489 751 415 487 550
548 753 391 498 562
549 739 385 514 519
519 815 391 449 530
531 779 411 471 524
522 762 421 451 529
488 816 396 503 521
498 777 429 488 517
525 795 410 503 536
464 796 439 469 531
456 777 426 475 541
461 798 415 488 502
495 795 434 415 540
519 765 436 403 527
507 759 454 437 534
490 748 443 462 532
481 773 413 440 538
480 757 485 462 514
472 738 472 468 524
478 785 478 483 498
470 766 465 489 508
524 810 500 438 461
516 791 487 444 471
476 774 487 451 453
541 787 474 409 468
509 784 473 429 507
501 765 460 435 517
495 762 452 454 505
391 649 389 613 516
362 650 425 615 503
367 629 432 579 526
400 615 433 631 475
399 629 439 615 518
395 644 449 588 492
477 758 358 583 501
462 755 391 569 506
396 672 432 586 518
398 691 409 593 504
404 691 445 580 508
430 799 420 542 493
422 780 407 548 503
442 777 468 524 415
444 759 470 529 429
447 767 467 542 453
448 744 460 556 455
398 760 450 514 513
404 700 446 582 463
440 725 447 562 465
459 708 431 564 494
400 706 455 553 482
403 714 452 566 506
366 735 438 566 491
367 712 431 580 493
399 737 443 528 515
455 713 371 589 518
454 736 378 575 516
460 736 414 562 520
462 716 428 577 518
425 737 414 577 503
423 757 400 562 505
427 709 421 556 519
453 738 401 549 511
407 545 487 542 517
436 588 487 549 509
476 563 471 570 512
468 544 458 576 522
462 523 438 577 515
469 530 452 592 479
442 592 454 583 521
425 581 443 608 519
453 570 509 497 480
445 593 494 559 456
461 614 510 535 447
444 616 501 545 454
459 651 504 558 386
452 652 505 560 363
426 661 535 513 330
431 571 567 511 272
472 611 569 501 293
458 592 501 628 313
464 622 502 612 278
463 645 509 598 276
494 659 519 556 267
497 616 526 585 267
465 617 516 577 292
437 645 538 549 288
436 668 545 535 286
433 660 548 522 262
470 639 562 522 277
467 549 563 536 303
463 597 542 542 289
465 577 556 557 287
428 598 542 557 272
430 570 549 536 288
432 581 540 568 333
430 595 537 580 265
438 614 550 574 255
489 631 519 560 378
467 580 540 553 350
465 608 515 575 337
489 640 520 562 333
464 606 552 516 355
490 617 513 576 335
500 630 512 571 361
518 620 468 621 386
484 622 486 611 353
501 590 481 605 364
476 603 473 617 363
496 614 440 617 418
489 577 468 614 394
469 598 461 618 421
480 597 454 629 404
499 627 475 628 303
491 651 511 594 378
460 628 497 572 388
455 649 490 608 365
404 643 533 587 264
429 643 530 586 307
421 637 512 589 280
428 666 537 572 305
399 689 531 535 271
391 687 523 572 290
460 705 507 600 285
385 640 470 656 363
399 655 511 610 377
362 676 497 610 362
396 647 514 597 353
416 652 492 624 338
430 717 488 624 355
420 678 483 596 365
428 697 496 590 355
431 694 481 638 357
455 660 502 573 387
454 672 497 594 363
448 677 504 572 360
359 679 512 562 360
396 658 526 562 375
420 653 513 551 385
457 615 508 614 311
455 643 501 635 295
453 663 487 620 297
405 620 526 601 266
396 641 525 624 283
397 618 518 638 285
440 556 476 638 443
442 575 453 645 429
472 595 446 666 423
426 632 475 673 367
423 650 480 600 390
394 632 468 637 375
425 607 515 603 378
428 603 485 624 366
460 603 492 660 358
449 587 494 618 366
362 553 583 483 277
369 613 567 484 352
403 584 584 471 343
402 607 591 457 341
403 593 585 473 298
404 570 578 487 300
402 598 571 508 284
368 627 554 521 293
401 621 578 494 282
425 582 527 559 401
422 610 530 555 376
388 627 538 520 368
389 604 531 534 370
361 611 559 521 371
372 610 552 532 354
362 597 553 537 328
406 581 569 519 345
405 604 576 505 343
420 613 535 532 383
336 602 542 573 271
373 581 556 573 286
370 573 559 560 262
369 596 566 546 260
365 579 548 610 305
389 598 542 561 300
406 575 580 546 275
407 552 573 560 277
430 638 544 551 321
431 615 537 565 323
438 631 551 512 347
426 586 547 546 330
338 534 589 532 282
384 542 525 569 380
393 567 530 548 384
389 574 517 600 318
425 567 537 584 376
433 569 545 547 357
430 561 548 534 333
437 560 547 532 356
459 614 398 604 502
466 612 411 617 511
447 598 496 618 431
445 618 482 603 433
442 644 494 566 438
514 715 451 600 364
507 719 440 603 377
531 692 447 596 330
491 690 474 586 366
487 699 472 601 367
520 733 474 593 358
509 701 442 608 391
531 683 446 594 375
488 591 474 598 437
492 628 504 608 380
486 628 468 621 376
532 669 440 610 332
519 638 442 628 358
516 648 461 642 370
524 650 469 605 351
533 671 444 596 378
540 667 455 593 365
505 615 472 579 459
513 634 485 573 449
487 614 481 584 435
517 634 474 605 429
545 616 490 550 415
540 593 447 577 413
545 622 437 596 406
541 653 468 556 424
585 657 426 552 367
557 635 450 587 376
560 645 431 575 393
544 645 444 582 404
552 664 457 576 394
564 677 470 567 364
581 707 457 583 386
589 709 465 546 367
572 679 478 530 345
574 664 474 520 403
549 668 487 555 406
550 645 480 569 408
543 684 443 591 404
523 690 481 622 358
515 671 468 628 368
500 583 428 604 502
499 606 435 590 500
444 641 489 589 431
476 655 471 573 434
459 643 500 584 448
480 640 461 600 460
524 702 496 525 464
582 693 470 546 445
557 687 500 549 396
508 665 493 546 431
523 716 483 562 405
556 701 506 533 439
519 722 492 533 424
578 710 472 535 384
549 659 486 553 451
475 671 469 573 442
524 693 476 576 407
511 662 478 594 433
503 643 465 600 443
454 689 498 532 455
457 595 421 597 516
471 635 454 590 513
472 621 448 606 470
465 614 434 591 506
464 637 441 577 504
513 582 435 611 429
506 592 465 593 461
508 611 442 600 447
480 572 461 604 447
477 549 465 586 469
501 569 422 620 459
516 592 416 599 446
500 592 429 606 457
486 543 395 611 505
485 566 402 597 503
491 566 438 584 507
469 560 554 568 348
466 563 569 520 346
467 540 562 534 348
457 564 532 536 367
465 583 545 530 357
531 653 542 478 409
529 642 551 446 364
500 599 551 439 372
532 599 558 475 364
502 610 542 471 417
551 587 523 478 416
499 628 547 398 440
531 628 554 434 432
490 588 552 444 411
483 592 541 447 424
488 577 561 412 366
463 612 551 464 416
462 635 558 450 414
456 617 535 457 420
548 605 528 405 439
492 637 524 557 437
500 639 532 520 418
498 659 518 505 420
529 587 506 534 407
501 616 525 534 420
502 602 519 550 377
501 625 526 536 375
497 631 535 507 394
534 610 507 518 400
491 603 526 539 394
490 626 533 525 392
526 591 536 513 419
534 610 549 507 409
495 645 532 519 326
474 622 560 533 338
498 617 529 523 351
471 625 575 485 336
462 626 538 501 357
467 555 552 509 373
487 560 530 536 358
449 586 531 535 371
466 603 547 539 348
433 584 535 522 382
486 574 536 520 401
491 559 556 485 343
464 583 555 505 348
466 578 559 495 371
430 600 563 470 340
463 606 562 491 346
465 592 565 479 414
463 581 574 447 369
463 621 552 466 371
464 558 567 461 371
434 563 562 484 354
461 609 567 468 353
462 586 560 482 355
530 667 511 516 353
499 645 512 521 377
532 639 536 494 366
498 628 541 488 373
495 620 544 475 349
515 622 520 490 389
501 624 529 508 358
497 633 527 523 359
498 627 544 460 356
530 627 551 496 348
436 509 463 596 448
553 592 454 584 340
433 626 528 597 368
464 631 522 561 335
456 629 514 598 354
498 642 517 567 328
566 649 477 546 380
542 639 462 572 381
525 636 482 568 410
558 630 464 552 390
526 622 476 584 367
521 610 449 607 374
520 624 455 591 417
513 591 478 602 393
557 644 493 578 340
557 644 451 589 331
534 601 487 569 343
533 615 493 553 386
558 621 444 603 333
528 601 493 571 348
493 614 517 571 439
460 629 494 600 405
476 640 481 598 409
494 600 511 587 396
486 581 498 593 406
457 621 497 587 381
493 623 518 573 394
491 643 504 558 396
488 600 475 600 392
489 571 521 568 403
468 605 500 623 339
457 606 507 612 356
501 599 524 596 328
493 580 511 602 338
452 583 516 583 373
518 576 498 567 335
491 560 519 568 338
501 599 482 607 319
554 578 467 547 399
530 573 500 550 364
522 545 486 554 419
496 562 523 543 368
525 605 523 550 360
526 582 516 564 362
408 531 481 558 474
495 568 522 491 429
497 548 536 506 427
498 525 529 520 429
498 534 530 522 384
520 570 516 514 412
530 558 510 513 409
527 568 529 527 421
422 585 542 511 399
432 598 541 506 425
448 615 527 494 439
434 569 551 457 424
466 569 558 493 416
458 550 545 499 426
495 543 534 447 452
494 566 541 433 450
482 569 539 450 421
433 592 558 443 422
519 562 528 398 447
568 583 504 387 467
545 601 491 423 491
523 609 541 440 442
524 586 534 454 444
580 561 499 432 452
575 590 507 427 438
571 565 499 460 444
588 575 486 474 437
578 587 492 475 440
563 584 525 461 445
421 530 530 554 410
459 536 539 515 383
420 553 537 540 408
496 631 526 535 283
539 589 509 546 230
541 600 500 578 275
533 581 487 584 285
538 603 515 530 273
576 583 532 468 372
568 564 519 474 382
552 573 517 494 373
593 560 506 439 379
587 589 473 511 378
567 569 505 509 368
574 651 485 509 361
600 603 489 502 362
559 616 500 557 356
582 640 438 554 328
573 665 472 546 302
562 666 479 535 319
565 663 464 583 321
555 633 502 546 295
602 618 414 536 356
586 618 469 532 376
598 631 482 523 346
599 617 476 539 303
570 668 487 498 300
508 536 552 481 309
540 575 522 509 289
492 545 550 501 300
560 549 481 528 298
543 572 507 557 291
511 524 536 527 356
511 533 537 529 311
536 529 524 494 308
568 555 499 525 325
570 574 476 532 311
558 630 506 541 399
527 577 530 529 376
528 554 523 543 378
535 596 543 523 366
542 586 513 541 334
556 619 515 509 354
572 600 534 457 311
575 597 519 505 313
528 656 538 483 305
533 624 536 544 350
591 641 512 505 378
592 574 493 476 320
574 611 525 489 356
569 588 482 516 354
550 601 510 515 357
596 620 491 491 301
567 578 506 511 323
499 588 533 564 283
498 602 539 548 326
490 583 526 554 336
494 556 541 533 345
509 561 530 550 295
531 613 545 512 305
497 642 528 525 314
413 589 489 602 454
443 578 448 599 478
464 575 470 589 438
465 552 463 603 440
471 555 471 584 452
476 572 472 572 467
445 603 467 591 451
438 585 476 567 451
416 575 482 596 441
437 574 481 565 466
445 578 504 584 431
472 594 483 583 428
455 600 504 581 412
478 597 491 564 440
479 574 484 578 442
485 595 504 577 449
489 562 478 577 439
456 577 497 595 414
446 564 498 600 388
481 552 508 574 413
552 758 468 542 383
554 730 493 520 396
521 736 469 547 407
520 719 498 514 403
527 724 500 496 405
564 703 472 507 411
483 710 491 508 460
488 700 475 539 451
521 694 499 512 440
488 724 500 500 433
487 723 482 525 449
492 785 488 490 439
485 743 468 510 451
488 802 490 479 378
525 781 504 479 393
491 799 475 527 380
483 780 462 533 390
528 778 489 527 395
549 801 461 513 383
520 759 476 533 405
515 701 464 563 423
521 719 487 556 417
529 764 502 490 454
521 745 489 496 464
524 741 459 517 452
553 744 499 504 439
561 746 507 467 420
487 748 470 569 426
495 767 483 563 416
517 643 475 607 384
525 662 488 601 374
630 696 454 491 373
586 712 480 498 365
489 671 497 579 380
516 647 498 559 375
497 673 505 542 361
522 665 503 553 372
533 664 496 564 355
559 735 516 435 375
562 692 523 464 375
551 733 508 472 394
525 713 509 464 360
562 732 501 483 377
531 692 489 585 339
530 667 529 515 350
517 711 501 501 379
554 690 515 501 394
565 689 508 512 377
520 693 496 574 356
528 695 504 537 337
554 647 508 530 338
558 647 488 532 389
606 676 497 457 383
588 644 527 457 376
516 687 458 579 380
447 731 470 576 408
459 745 515 524 375
422 766 501 524 360
423 743 494 538 362
460 722 508 538 377
462 742 500 572 377
459 734 503 559 353
463 719 493 586 379
516 657 481 591 427
524 676 494 585 417
491 682 470 612 428
490 705 477 598 426
483 662 494 535 443
529 681 498 553 294
521 679 490 590 313
494 781 470 600 357
491 784 485 552 355
492 770 479 568 312
467 736 511 522 334
487 738 487 537 374
460 731 509 540 332
504 715 525 522 349
494 702 526 527 323
489 711 457 599 385
486 722 479 587 365
488 734 464 585 383
496 753 477 579 373
526 724 491 524 294
518 722 483 561 313
528 735 482 556 339
517 736 489 545 356
525 738 497 508 337
488 694 504 565 378
496 713 517 559 368
522 705 481 572 374
488 694 486 566 381
434 577 416 637 437
483 598 392 626 457
475 617 418 627 458
467 598 405 633 468
463 620 416 644 429
435 632 555 501 278
438 640 552 514 302
437 643 546 533 323
456 644 504 573 379
430 629 543 549 366
457 645 522 548 363
429 652 550 535 364
453 672 507 569 354
432 649 535 583 366
441 628 536 560 349
440 651 543 546 347
488 654 526 546 376
499 653 519 557 359
496 645 522 544 335
395 670 521 583 351
393 650 529 549 351
403 672 529 546 332
392 673 536 535 349
396 673 516 537 400
423 674 505 561 372
428 672 526 545 375
400 675 544 498 330
401 661 538 514 287
393 659 530 551 306
479 637 466 646 411
484 649 451 634 395
487 639 474 609 392
491 691 471 614 383
476 680 459 617 411
492 668 464 628 385
487 708 473 603 322
456 635 503 571 424
415 681 488 583 406
459 626 499 646 356
467 628 507 609 337
477 626 475 614 366
423 635 490 625 365
427 626 492 610 364
450 651 469 624 362
457 646 485 631 358
464 688 505 611 346
456 669 492 617 356
455 713 475 589 352
472 690 513 574 327
461 691 520 563 344
469 693 528 526 325
428 706 497 592 310
462 677 514 579 301
470 679 522 542 282
427 720 503 576 353
428 712 486 565 380
468 707 515 563 266
423 752 495 540 317
434 586 450 618 466
438 623 466 596 437
454 620 457 611 446
439 600 459 610 439
435 627 444 631 430
437 609 446 636 444
418 651 495 567 444
417 674 502 553 442
422 664 486 584 433
416 669 493 562 430
443 685 472 561 427
418 689 485 596 430
416 684 483 537 455
527 710 504 487 353
465 725 520 490 289
502 704 534 490 304
464 739 526 474 332
501 718 540 474 347
498 736 545 401 370
481 759 507 416 395
500 747 536 433 415
490 734 537 438 389
501 733 530 449 372
456 763 520 451 398
452 660 502 583 421
455 658 510 557 422
421 639 526 514 444
425 615 543 505 398
460 637 517 521 445
429 658 539 508 434
428 681 546 494 432
429 667 540 510 389
430 644 533 524 391
427 695 533 531 373
391 704 524 510 382
436 674 534 508 356
427 603 578 422 338
422 618 558 457 396
385 630 553 472 366
461 717 522 503 391
458 709 525 490 367
468 722 524 485 393
497 657 537 447 441
436 683 554 457 413
453 677 533 459 429
437 660 547 471 415
434 646 561 485 321
471 640 565 460 361
437 669 548 473 370
438 646 541 487 372
426 670 555 462 387
454 648 537 500 361
427 647 548 476 389
437 654 558 498 345
433 677 549 460 354
432 700 556 446 352
424 698 548 483 371
425 675 541 497 373
425 684 542 499 328
433 686 550 462 309
467 657 567 449 300
469 668 558 481 345
435 697 541 494 354
461 649 545 487 355
459 668 550 390 365
434 672 563 425 368
468 643 580 412 359
451 666 542 427 384
470 654 571 444 404
461 679 541 422 410
466 671 573 433 343
506 687 532 501 365
495 688 539 490 382
503 690 547 453 363
466 711 533 453 348
419 706 516 472 438
412 720 500 501 449
444 709 515 483 426
459 682 463 576 436
456 686 493 555 448
458 705 470 562 434
490 666 511 544 394
464 714 507 551 393
460 720 516 522 412
460 662 510 546 402
449 663 517 535 419
465 691 500 565 395
447 746 460 551 433
490 657 510 542 439
492 676 487 549 425
449 678 507 510 444
426 749 499 535 421
427 726 492 549 423
463 728 513 535 436
464 705 506 549 438
415 707 490 523 453
451 732 491 503 455
530 707 489 535 355
519 708 496 524 372
529 721 495 519 398
493 756 492 531 371
461 706 510 538 369
424 738 508 503 376
427 735 493 551 378
493 716 532 511 366
456 737 518 511 351
485 712 509 492 401
458 774 511 483 443
459 760 505 499 400
460 737 498 513 402
493 731 522 486 391
459 751 504 497 445
505 701 538 485 408
497 699 530 522 427
489 680 517 528 437
532 678 502 548 398
498 685 524 538 384
496 656 534 509 357
493 648 537 496 333
527 670 544 467 348
527 685 534 442 373
430 493 539 508 391
429 507 545 492 434
369 519 556 518 363
366 522 571 470 361
381 545 540 521 378
398 562 556 525 355
401 519 563 554 355
398 522 578 506 353
395 565 571 477 353
422 541 572 457 348
435 540 555 498 356
438 537 540 546 358
459 521 549 540 358
425 538 557 505 350
399 508 572 522 310
382 498 410 608 530
352 516 446 538 529
379 557 505 604 438
445 720 491 453 505
446 697 484 467 507
439 717 483 472 493
492 702 489 489 472
517 693 492 491 473
525 679 489 539 466
509 691 484 528 492
550 693 463 510 453
509 666 496 484 515
501 647 483 490 525
559 680 471 523 418
548 682 493 539 449
524 701 499 497 447
542 661 473 540 442
487 683 522 505 444
455 683 515 469 452
484 726 515 476 444
485 703 508 490 446
449 518 512 492 489
448 541 519 478 487
478 561 512 499 481
473 581 476 497 535
510 517 483 526 494
467 587 482 495 518
432 541 474 507 514
438 544 482 488 526
507 562 466 516 521
506 585 473 502 519
472 604 483 483 533
463 590 456 524 529
471 609 469 518 519
414 721 496 507 496
415 698 489 521 498
434 655 477 507 503
441 650 493 514 499
441 635 478 502 517
435 632 470 521 505
440 673 500 500 497
472 629 471 527 510
480 648 484 521 500
469 647 476 454 533
470 632 476 504 517
475 694 482 469 507
424 596 533 543 444
544 670 456 554 463
553 650 470 539 453
545 631 457 545 463
554 621 474 518 455
544 633 480 519 458
534 642 460 546 452
513 608 479 540 485
515 627 456 547 471
530 611 459 544 456
536 614 467 525 468
546 608 450 559 465
541 579 460 540 472
535 619 453 560 454
574 581 423 513 487
586 609 426 541 412
508 585 436 567 483
532 562 470 520 477
530 569 467 524 474
514 569 480 531 485
484 565 479 533 493
488 569 453 536 505
444 607 500 543 499
504 629 478 563 502
475 586 478 556 510
505 606 471 577 504
498 608 458 564 495
517 660 476 545 476
512 648 491 557 492
510 662 463 532 467
541 622 467 511 528
529 625 465 528 499
536 605 466 523 513
535 628 473 509 511
502 624 476 504 527
520 616 486 546 459
519 639 493 532 457
546 602 503 513 474
517 559 503 506 482
522 588 493 525 475
513 528 496 534 424
506 548 495 539 410
516 573 490 543 423
449 592 520 508 441
453 595 497 541 457
456 552 504 570 457
392 596 526 507 452
521 611 500 511 473
482 613 509 504 472
490 632 522 498 462
480 641 502 525 456
457 655 522 448 468
449 652 501 477 480
456 661 505 511 471
489 655 529 484 460
458 632 515 462 470
412 607 493 507 507
460 607 481 500 504
468 626 494 494 494
452 609 508 506 480
451 632 515 492 478
474 629 502 475 506
443 630 507 529 497
411 630 500 493 505
443 606 488 453 516
475 606 495 489 508
451 598 502 518 464
509 614 498 528 444
551 631 493 532 467
510 637 500 525 447
517 633 511 522 434
525 635 519 485 415
520 650 499 520 473
488 660 515 519 446
453 603 525 443 477
477 584 519 485 479
485 603 532 479 469
454 504 425 583 525
413 515 417 572 534
453 526 539 443 429
492 594 534 454 434
493 571 527 468 436
566 719 452 443 489
569 676 459 472 489
597 681 464 453 468
593 656 456 486 474
614 718 482 494 467
607 694 463 448 494
573 713 473 429 508
573 581 450 440 530
572 621 462 457 537
598 676 469 376 478
577 666 463 391 518
590 674 461 413 497
572 647 496 407 490
601 664 462 464 529
569 664 455 428 537
592 689 432 442 535
630 632 440 403 491
612 622 438 439 484
578 651 463 441 502
604 603 467 434 503
609 666 470 427 510
580 623 470 420 518
570 622 477 415 517
641 665 438 446 476
602 652 456 458 482
649 667 446 409 457
589 598 436 428 544
499 551 481 424 551
496 594 474 395 551
502 642 477 438 542
503 603 478 429 542
511 617 443 446 568
495 600 457 458 554
501 623 464 414 544
526 643 470 455 522
533 623 471 450 536
546 667 468 445 509
510 626 484 467 508
557 642 465 401 531
532 646 478 436 534
541 625 479 413 517
523 671 448 414 540
500 646 471 400 542
540 665 491 430 524
511 647 479 467 509
501 631 471 450 526
530 674 471 457 518
544 670 473 422 516
565 579 442 477 549
534 598 448 465 555
564 602 449 463 547
546 621 446 437 550
558 599 441 482 535
563 641 448 472 547
543 647 486 503 501
573 644 432 508 499
538 665 460 482 528
547 652 468 495 493
577 656 469 493 485
531 616 453 392 578
528 599 465 394 539
519 619 451 409 549
520 580 452 400 549
496 561 458 449 554
504 580 471 443 544
517 578 446 430 558
528 594 481 431 543
559 601 527 450 384
603 585 501 443 392
561 612 518 482 429
618 668 451 463 448
635 629 439 447 437
615 651 463 465 409
593 651 446 521 400
585 632 475 516 419
591 632 469 514 414
576 615 485 496 424
598 674 489 494 402
594 642 450 502 431
587 604 482 495 435
595 628 463 465 490
619 629 494 443 457
603 630 471 428 471
570 579 486 497 385
562 598 512 498 386
623 653 471 428 390
632 628 501 450 384
627 605 458 477 382
509 560 507 445 490
502 580 506 450 476
514 602 496 477 482
515 564 474 479 502
578 667 475 481 501
549 624 475 474 509
575 650 487 483 462
551 649 494 466 482
583 652 495 446 443
592 627 525 468 437
559 633 501 495 448
550 654 500 518 465
590 695 478 509 426
573 678 480 504 446
590 655 518 489 421
557 661 494 516 432
566 682 469 507 459
585 675 482 487 475
581 680 488 467 427
578 633 462 507 487
586 635 470 470 468
556 542 505 481 457
577 601 498 459 483
575 576 479 467 510
544 607 474 486 494
542 582 455 494 521
548 558 498 452 491
600 539 475 414 480
574 590 466 504 451
573 604 472 488 494
615 577 455 449 457
566 611 497 408 451
620 624 446 402 465
644 644 403 436 455
643 631 447 410 418
630 606 396 474 435
514 577 508 433 505
551 588 503 429 464
545 576 503 379 514
606 575 474 413 519
585 622 449 346 540
577 620 441 383 559
565 644 473 364 512
542 619 496 350 514
574 619 503 386 506
538 534 483 399 526
562 553 477 350 521
595 585 473 362 487
543 604 496 400 498
575 607 497 380 459
640 540 451 396 427
646 576 450 395 466
446 561 505 463 489
481 583 484 460 516
483 608 503 452 489
480 517 507 438 498
479 540 514 424 496
507 535 488 453 517
541 516 478 472 503
512 605 501 454 489
508 583 514 431 488
543 620 508 440 497
534 629 492 431 485
516 602 527 425 478
516 667 492 357 513
508 665 484 394 532
485 668 497 411 504
506 693 477 415 516
514 695 485 378 497
448 692 513 494 487
460 746 518 462 459
461 723 511 476 461
494 717 535 449 450
485 742 505 427 456
487 693 516 403 477
483 770 498 448 440
492 745 528 470 434
478 756 489 456 467
487 748 487 437 479
512 739 490 439 480
521 719 504 424 470
545 710 492 364 505
537 708 484 401 524
514 711 497 418 496
505 720 481 409 484
511 756 480 408 523
503 737 467 414 533
512 744 474 402 476
543 738 485 385 489
541 713 466 393 516
529 721 512 387 451
533 725 486 390 463
538 696 478 395 477
453 704 498 482 471
480 680 499 462 466
487 675 515 469 462
456 694 521 457 468
486 698 522 455 460
479 691 508 440 496
506 709 489 455 515
506 694 474 443 533
500 691 466 462 521
465 702 469 426 529
471 672 495 446 506
477 666 489 448 523
483 696 490 432 488
515 696 497 468 480
513 700 491 430 480
511 634 529 364 433
495 645 549 387 379
570 636 505 375 445
558 764 512 394 443
550 762 504 431 462
561 721 519 423 443
518 654 493 482 473
512 679 509 470 441
517 668 504 447 496
622 720 490 457 448
582 718 475 458 475
593 677 490 450 456
563 718 514 446 436
570 696 485 431 469
590 720 483 421 456
548 667 499 393 505
578 698 493 394 450
546 695 492 414 489
558 673 513 512 455
564 703 514 496 420
555 716 506 483 455
520 725 487 487 473
538 693 484 451 508
545 700 498 466 472
540 690 479 474 501
541 679 470 496 471
549 698 483 490 461
548 692 487 437 482
546 677 491 480 474
553 719 511 460 462
484 602 520 389 486
513 645 520 396 478
482 651 509 413 465
482 631 510 438 487
542 631 500 394 466
511 620 501 404 505
482 646 525 450 469
476 628 502 457 475
506 632 503 455 467
514 651 516 449 457
498 634 530 461 443
558 630 523 409 452
522 614 527 475 428
541 648 501 461 481
517 634 491 473 482
516 657 498 459 480
571 629 530 416 379
502 719 543 412 431
526 699 540 426 416
497 656 540 419 424
520 681 517 433 422
495 677 523 432 443
528 671 547 405 432
522 653 524 412 438
493 705 516 453 427
526 673 506 476 463
529 696 507 475 421
566 675 521 475 436
534 675 514 439 444
524 688 549 394 371
527 645 556 423 371
530 692 516 428 383
560 627 518 432 445
521 637 534 461 426
587 673 523 416 444
529 656 547 455 416
517 724 510 404 422
555 673 516 380 452
411 541 410 615 522
387 563 413 579 533
428 552 421 590 524
421 534 430 566 524
395 581 467 520 523
404 588 480 513 517
