602 618 414 536
594 642 450 502
657 579 396 355
646 576 450 395
640 540 451 396
633 697 392 488
625 721 428 454
600 678 449 501
622 694 446 528
609 695 439 521
630 696 454 491
617 697 447 484
639 733 391 487
613 719 416 506
605 743 452 472
626 734 384 480
631 757 427 453
627 605 458 477
623 653 471 428
632 628 501 450
619 629 494 443
615 651 463 465
622 720 490 457
649 667 446 409
643 631 447 410
636 668 439 402
641 665 438 446
635 629 439 447
578 698 493 394
647 645 341 433
644 644 403 436
632 690 408 424
636 642 395 473
652 668 384 406
553 784 459 524
529 764 502 490
524 810 500 438
517 711 501 501
525 713 509 464
492 745 528 470
458 774 511 483
456 763 520 451
531 628 554 434
529 642 551 446
498 628 541 488
488 577 561 412
429 652 550 535
437 669 548 473
426 670 555 462
454 648 537 500
434 646 561 485
437 654 558 498
471 625 575 485
471 640 565 460
472 611 569 501
430 638 544 551
461 649 545 487
470 639 562 522
437 645 538 549
493 648 537 496
427 603 578 422
434 672 563 425
468 643 580 412
470 654 571 444
402 607 591 457
503 690 547 453
338 534 589 532
497 631 535 507
468 526 556 550
467 549 563 536
466 563 569 520
362 553 583 483
362 597 553 537
369 596 566 546
431 571 567 511
405 604 576 505
403 593 585 473
406 581 569 519
406 575 580 546
402 598 571 508
401 621 578 494
495 645 532 519
498 602 539 548
466 603 547 539
467 580 540 553
490 626 533 525
474 622 560 533
438 640 552 514
437 643 546 533
463 597 542 542
528 671 547 405
502 719 543 412
467 657 567 449
466 671 573 433
526 699 540 426
524 688 549 394
527 685 534 442
490 734 537 438
498 736 545 401
500 747 536 433
481 759 507 416
501 733 530 449
541 787 474 409
558 764 512 394
550 762 504 431
460 746 518 462
464 739 526 474
493 731 522 486
459 760 505 499
501 718 540 474
465 725 520 490
403 672 529 546
422 766 501 524
459 745 515 524
456 737 518 511
505 701 538 485
469 693 528 526
470 679 522 542
461 717 522 503
463 728 513 535
460 720 516 522
488 724 500 500
498 685 524 538
506 687 532 501
495 688 539 490
497 699 530 522
493 716 532 511
494 702 526 527
467 736 511 522
488 654 526 546
496 656 534 509
504 715 525 522
502 704 534 490
392 673 536 535
400 675 544 498
440 651 543 546
428 681 546 494
425 684 542 499
427 695 533 531
428 672 526 545
436 674 534 508
399 689 531 535
433 660 548 522
436 668 545 535
468 722 524 485
436 683 554 457
424 698 548 483
469 668 558 481
432 700 556 446
433 686 550 462
435 697 541 494
482 677 444 655
516 648 461 642
519 638 442 628
515 671 468 628
502 688 411 655
585 657 426 552
582 640 438 554
577 655 418 589
558 621 444 603
557 644 451 589
540 667 455 593
524 650 469 605
553 592 454 584
565 663 464 583
550 645 480 569
490 696 457 649
509 701 442 608
523 690 481 622
544 661 394 616
535 682 435 628
532 669 440 610
533 671 444 596
543 684 443 591
531 692 447 596
521 693 396 614
548 713 433 610
551 703 414 596
426 748 396 637
434 767 409 631
414 756 442 631
415 733 435 645
427 725 389 651
429 705 403 666
495 741 392 621
509 730 431 635
501 711 418 641
492 784 385 592
506 773 424 606
493 756 492 531
495 767 483 563
496 753 477 579
462 742 500 572
480 792 431 586
479 806 437 570
494 781 470 600
491 798 391 576
427 711 483 627
446 745 457 613
426 734 490 613
426 740 479 586
448 727 459 618
463 719 493 586
450 728 455 624
486 722 479 587
489 719 464 635
514 715 451 600
487 708 473 603
486 762 457 606
507 719 440 603
487 739 450 620
426 749 499 535
425 763 486 572
410 788 453 542
423 752 495 540
464 631 522 561
457 645 522 548
529 721 495 519
530 707 489 535
521 719 487 556
524 702 496 525
519 708 496 524
532 678 502 548
496 713 517 559
556 701 506 533
557 687 500 549
528 695 504 537
529 681 498 553
520 719 498 514
490 705 477 598
472 690 513 574
461 691 520 563
462 677 514 579
488 694 486 566
428 706 497 592
427 720 503 576
464 714 507 551
464 688 505 611
460 705 507 600
489 671 497 579
460 731 509 540
459 734 503 559
468 707 515 563
488 694 504 565
493 623 518 573
492 637 524 557
522 665 503 553
498 642 517 567
501 625 526 536
496 631 526 535
491 651 511 594
500 630 512 571
497 673 505 542
494 659 519 556
525 662 488 601
522 705 481 572
524 676 494 585
533 664 496 564
531 692 489 585
521 679 490 590
524 693 476 576
549 668 487 555
520 693 496 574
566 649 477 546
582 693 470 546
573 665 472 546
588 723 471 530
581 724 458 521
574 726 445 508
596 742 442 535
580 747 465 507
572 732 427 561
608 734 396 541
598 746 402 542
594 694 363 548
592 710 403 543
589 700 422 555
581 707 457 583
580 721 463 567
588 723 429 541
578 710 472 535
589 709 465 546
564 677 470 567
537 823 413 531
552 772 374 566
567 747 407 596
547 736 440 596
566 761 413 580
554 769 459 574
555 755 453 590
487 738 487 537
491 784 485 552
492 770 479 568
564 750 422 548
556 741 466 553
552 758 468 542
552 798 446 561
526 724 491 524
520 759 476 533
519 722 492 533
517 736 489 545
522 730 489 546
521 736 469 547
518 722 483 561
528 735 482 556
520 733 474 593
523 716 483 562
488 802 490 479
491 799 475 527
490 813 481 511
513 803 456 497
525 781 504 479
528 778 489 527
527 792 495 511
548 830 457 472
549 801 461 513
551 787 464 501
585 809 471 472
544 769 469 482
551 812 452 545
554 730 493 520
588 766 478 501
553 744 499 504
571 769 438 479
612 786 435 535
571 746 433 545
527 724 500 496
525 738 497 508
476 824 442 497
303 633 440 682
366 618 414 704
351 669 453 669
347 686 455 658
362 635 416 693
396 641 525 624
399 655 511 610
416 652 492 624
396 647 514 597
395 670 521 583
384 663 477 642
363 647 501 651
381 657 472 645
395 672 513 599
392 664 516 586
391 687 523 572
438 624 429 679
445 666 449 659
446 643 442 673
399 612 438 677
371 680 420 669
370 703 427 655
423 675 468 644
383 658 468 651
426 632 475 673
443 665 453 653
406 619 390 686
396 606 433 680
407 714 422 651
444 642 446 667
422 649 477 662
367 697 422 658
422 663 383 686
430 682 396 680
410 671 429 680
442 660 444 662
455 713 475 589
431 694 481 638
430 717 488 624
512 596 422 648
491 691 471 614
534 558 480 598
490 617 513 576
484 609 491 614
492 628 504 608
497 616 526 585
490 574 506 605
472 595 446 666
466 633 451 655
468 612 448 655
471 618 453 652
456 669 492 617
458 657 487 621
453 663 487 620
475 654 468 635
455 643 501 635
459 626 499 646
479 637 466 646
450 651 469 624
457 646 485 631
492 585 455 648
500 604 468 642
499 627 475 628
463 645 509 598
464 622 502 612
467 628 507 609
489 640 520 562
536 668 448 591
537 654 442 607
486 644 418 655
456 634 400 673
478 625 405 661
455 657 407 659
568 733 420 559
510 716 444 598
511 702 438 614
388 504 473 679
502 532 505 567
469 560 554 568
458 548 531 574
475 525 527 570
470 537 547 582
477 536 518 602
462 518 534 588
453 563 511 609
431 572 530 594
433 558 533 582
436 566 530 595
426 553 531 600
433 552 544 609
478 513 511 616
474 530 513 605
466 554 549 571
436 540 486 666
416 575 506 624
428 564 522 632
434 529 537 623
426 510 524 629
461 536 473 631
400 558 520 636
446 474 541 588
470 494 498 622
410 466 531 629
317 593 490 669
456 551 453 666
448 532 440 672
332 542 451 704
404 548 466 679
412 567 479 673
422 580 436 679
378 596 462 686
392 556 512 673
380 578 464 691
376 526 425 697
392 570 418 697
400 589 431 691
376 595 466 680
397 618 518 638
389 599 505 644
452 584 479 666
460 603 492 660
430 595 537 580
425 567 537 584
328 600 534 610
365 579 548 610
407 552 573 560
399 533 560 566
426 509 561 546
365 511 553 595
370 573 559 560
373 581 556 573
402 490 567 595
404 643 533 587
421 637 512 589
405 620 526 601
360 625 546 558
432 649 535 583
433 626 528 597
441 628 536 560
431 615 537 565
438 614 550 574
428 666 537 572
429 643 530 586
497 547 485 602
494 557 504 616
493 580 511 602
484 622 486 611
501 599 482 607
499 588 533 564
494 600 511 587
501 599 524 596
465 577 556 557
425 607 515 603
456 629 514 598
457 615 508 614
458 592 501 628
465 617 516 577
468 605 500 623
432 583 532 584
424 581 524 621
456 620 494 649
500 639 532 520
511 533 537 529
492 545 550 501
491 559 556 485
536 529 524 494
508 536 552 481
502 519 510 570
510 538 523 564
560 549 481 528
567 578 506 511
568 555 499 525
592 574 493 476
576 583 532 468
532 599 558 475
593 560 506 439
572 600 534 457
535 596 543 523
540 575 522 509
494 556 541 533
509 561 530 550
590 695 478 509
598 674 489 494
581 680 488 467
570 668 487 498
614 718 482 494
574 664 474 520
573 678 480 504
586 712 480 498
562 666 479 535
572 679 478 530
564 703 514 496
565 689 508 512
554 690 515 501
561 746 507 467
553 719 511 460
562 732 501 483
551 733 508 472
563 718 514 446
527 710 504 487
566 675 521 475
555 716 506 483
592 627 525 468
571 629 530 416
606 676 497 457
590 655 518 489
561 721 519 423
562 692 523 464
527 670 544 467
529 656 547 455
528 656 538 483
587 673 523 416
527 645 556 423
588 644 527 457
559 735 516 435
543 572 507 557
526 582 516 564
533 581 487 584
541 600 500 578
530 667 511 516
517 633 511 522
499 653 519 557
496 645 522 544
516 647 498 559
497 642 528 525
530 667 529 515
556 619 515 509
558 630 506 541
558 673 513 512
574 651 485 509
600 603 489 502
575 597 519 505
596 620 491 491
591 641 512 505
591 632 469 514
599 617 476 539
598 631 482 523
586 618 469 532
585 632 475 516
554 647 508 530
558 647 488 532
574 611 525 489
542 586 513 541
559 616 500 557
539 589 509 546
533 624 536 544
525 605 523 550
555 633 502 546
557 644 493 578
538 603 515 530
550 601 510 515
531 653 542 478
534 610 549 507
532 639 536 494
530 627 551 496
531 613 545 512
