841 813 917 678
840 827 904 715
823 835 917 706
839 841 910 699
830 835 919 679
794 868 901 754
808 864 903 720
797 865 905 749
814 854 900 731
810 871 902 720
814 875 900 722
806 856 929 717
813 868 906 715
821 863 910 727
796 843 930 722
799 840 934 717
829 890 917 697
830 876 911 713
814 873 940 709
827 890 910 700
826 904 916 684
813 887 946 693
798 854 921 754
811 828 909 736
822 849 904 743
809 850 897 736
800 826 928 733
804 809 921 719
807 816 898 751
804 819 894 756
831 862 924 676
819 852 919 695
831 846 906 687
846 879 912 679
908 927 816 665
898 976 823 663
853 953 881 702
853 928 882 695
861 939 871 676
862 925 865 692
845 936 870 710
853 937 863 713
833 948 872 709
843 961 871 704
853 934 841 724
853 955 841 715
877 932 846 702
864 933 839 695
849 951 843 713
879 907 845 708
869 915 835 710
869 940 834 717
893 935 817 706
890 949 816 693
869 931 853 699
861 955 889 665
869 956 882 668
882 973 852 659
885 959 853 672
885 934 854 665
869 958 842 681
866 970 851 693
911 913 817 678
898 914 810 671
887 909 853 671
895 910 846 674
894 837 822 680
889 833 819 685
811 803 910 729
813 800 916 715
830 763 885 725
823 751 909 717
805 773 909 745
804 787 915 729
839 754 880 721
821 776 880 749
808 802 892 767
803 801 902 766
835 866 874 734
830 860 893 724
837 866 881 731
855 844 881 703
839 838 888 710
835 855 890 699
830 851 912 706
832 832 900 703
850 837 886 681
856 830 875 719
854 855 876 713
839 822 870 721
855 841 889 676
837 798 921 693
857 816 888 682
852 815 898 681
853 801 892 697
885 846 827 684
885 850 846 676
869 847 845 710
862 831 850 710
860 856 851 704
872 833 876 685
859 834 869 678
878 834 851 676
871 847 882 669
887 858 820 679
867 872 846 704
903 861 791 683
908 884 834 656
827 922 908 674
842 907 887 688
837 909 888 702
835 891 873 741
834 880 880 718
835 898 872 708
843 893 881 704
839 881 870 719
836 877 886 704
834 905 879 725
838 879 864 729
851 894 874 707
871 906 882 667
855 909 870 692
859 896 882 670
853 912 889 668
868 883 858 674
863 879 855 679
876 878 862 686
853 869 882 697
852 880 887 670
854 923 857 729
867 897 845 711
846 922 864 726
835 923 871 715
839 906 869 726
786 876 970 607
806 858 992 615
789 843 995 574
819 878 963 624
810 905 951 620
818 907 959 583
913 897 800 529
914 831 820 560
917 860 803 582
909 875 825 561
917 876 788 602
925 861 766 623
904 964 813 612
889 978 827 622
894 973 825 625
889 953 828 615
886 995 827 627
909 920 808 611
907 950 814 625
899 929 820 624
903 912 854 637
890 913 847 630
891 947 843 621
912 906 809 624
890 892 883 628
904 905 846 583
881 977 864 581
902 975 833 588
877 958 890 631
855 965 877 591
886 950 844 577
899 949 851 584
900 821 858 623
884 818 857 657
879 882 856 645
892 881 863 652
884 880 870 649
913 838 828 614
921 839 791 655
867 881 911 567
891 885 875 574
900 883 871 615
792 825 990 647
794 797 997 626
790 814 999 615
810 841 990 626
793 811 984 663
818 817 954 660
814 834 956 649
823 861 961 635
872 914 883 656
845 893 918 663
860 882 895 633
861 914 897 631
868 877 899 645
829 908 925 661
887 866 901 624
874 867 894 617
873 788 911 594
897 792 875 601
848 894 926 622
841 867 936 586
850 842 966 608
833 865 928 623
837 843 959 601
821 889 954 656
850 863 930 610
863 862 937 617
847 865 925 642
843 882 927 631
842 911 923 590
835 809 941 669
834 823 947 653
845 800 929 656
829 865 918 690
848 829 912 678
853 833 890 671
829 849 925 663
836 812 927 677
837 830 919 667
822 875 948 672
828 876 923 663
827 879 926 665
871 863 900 658
842 861 922 647
855 860 929 654
847 843 918 662
844 814 935 640
827 854 927 658
831 837 925 669
851 858 891 665
881 789 874 635
865 786 903 631
854 787 905 660
869 804 893 663
873 819 889 648
870 790 906 626
832 812 956 621
836 795 954 632
860 771 941 603
846 786 942 619
829 786 974 617
828 815 970 576
838 784 934 656
841 723 939 626
842 709 933 642
845 738 916 664
842 864 870 714
833 877 894 710
888 985 835 676
851 980 842 709
872 957 835 703
856 979 863 706
880 958 828 706
851 1005 841 716
809 928 915 675
813 927 906 713
829 933 899 706
811 939 906 707
820 927 908 686
812 925 900 723
835 959 863 741
817 945 871 743
827 958 870 738
825 947 879 706
844 947 865 720
828 928 871 727
829 930 877 717
837 931 870 720
830 919 893 722
827 942 877 711
888 960 836 669
872 941 842 676
775 882 925 729
788 878 929 745
775 885 917 756
784 888 916 749
789 857 903 751
799 880 900 745
799 864 882 756
801 877 881 769
777 879 936 734
769 873 934 739
772 859 935 752
782 848 928 761
778 865 930 750
781 862 934 745
771 913 901 756
772 902 917 761
796 897 900 750
763 905 899 758
791 904 911 749
781 891 912 754
796 922 899 757
804 924 907 720
754 924 917 789
758 893 930 747
755 910 930 752
752 913 926 757
756 896 924 768
770 891 926 729
753 899 957 719
789 907 949 679
788 921 936 716
841 878 857 751
692 925 956 730
798 962 887 745
782 956 894 752
789 972 889 752
778 973 896 741
773 910 918 750
754 910 932 736
751 927 932 741
754 977 899 737
738 971 906 744
765 950 905 754
758 936 912 756
749 931 911 761
755 939 908 761
754 950 910 755
773 969 918 748
748 970 925 712
751 967 910 760
733 937 900 773
725 925 904 773
735 948 916 767
727 929 903 773
709 917 943 739
719 928 940 732
727 947 953 726
732 951 931 719
738 947 939 751
729 919 960 705
725 936 962 694
800 891 887 753
785 1053 855 700
786 1042 871 705
700 1017 891 746
700 1040 878 731
720 1022 900 739
703 1014 895 741
702 1028 882 778
654 1029 883 748
683 1043 886 739
690 1027 886 746
683 1028 896 764
736 999 899 765
728 998 906 762
704 1000 889 757
725 1008 886 757
705 1005 888 744
698 1003 885 759
685 1000 903 743
698 1006 896 744
734 1002 882 771
730 1019 884 760
701 977 899 780
751 1075 876 751
768 1064 871 733
769 1053 876 723
753 1047 883 730
780 1010 889 713
750 1030 889 711
753 1031 865 741
777 1027 880 744
762 1020 857 745
770 1039 870 739
786 1015 882 723
783 1025 862 718
744 1002 879 754
746 1022 885 726
697 1020 902 728
719 1036 906 723
717 1014 903 726
799 921 922 741
815 924 893 745
799 948 881 761
814 938 899 729
794 1016 875 726
796 991 874 732
814 981 881 738
796 987 888 739
797 973 882 755
779 999 887 723
786 999 864 734
786 982 869 747
795 1005 880 716
762 1016 871 752
766 1027 894 719
756 971 888 753
761 965 888 754
767 1013 888 735
788 1036 860 721
750 1005 883 737
783 1016 889 701
791 1017 852 742
791 947 918 720
794 976 897 707
798 959 895 718
812 970 890 706
790 958 902 715
806 964 895 708
799 923 882 754
782 940 876 763
815 908 875 756
775 931 896 748
857 881 858 717
814 1005 848 731
815 951 882 727
847 973 847 724
830 984 852 742
840 957 852 724
805 975 890 718
814 965 888 711
838 1001 863 734
812 990 859 743
828 971 853 736
795 936 905 741
812 941 893 750
811 955 899 734
793 965 892 728
819 982 864 715
792 979 898 712
854 1004 864 700
846 987 853 708
830 1027 859 713
822 1008 846 719
846 1003 871 697
811 1004 872 701
807 1022 861 682
812 1016 861 683
846 1030 860 679
827 1001 877 709
807 996 868 716
840 892 863 735
830 941 900 695
856 954 864 699
809 944 908 702
803 938 913 704
787 935 942 700
824 889 892 731
825 875 886 747
817 880 882 735
833 902 893 717
815 811 867 757
903 968 825 534
907 931 828 587
886 929 880 575
876 1021 869 582
868 1019 861 619
855 963 889 600
860 977 876 582
841 974 902 541
812 1065 891 519
813 1036 895 560
804 1063 883 556
815 1047 886 592
854 994 873 550
865 995 839 628
813 1002 912 568
746 976 906 734
772 983 924 732
770 1012 911 719
719 1094 868 662
715 1115 847 620
735 1097 869 628
745 1100 854 652
744 1114 860 636
742 1103 869 604
762 1108 878 597
726 1100 868 638
830 1000 900 693
767 1078 877 717
749 1064 885 719
804 993 882 695
801 1032 889 673
785 1029 888 707
793 1030 881 710
810 1018 878 685
802 1018 883 689
811 1008 881 682
796 1013 890 679
791 1019 890 678
803 1007 888 679
811 1024 899 671
824 1044 870 680
798 1033 866 689
804 1039 861 687
748 1093 881 678
738 1079 864 701
765 1090 873 670
785 1072 895 678
765 1067 886 685
785 1056 877 689
769 1050 884 696
777 1053 882 684
767 1042 885 691
764 1096 882 644
779 1048 900 612
787 1049 863 653
763 1045 899 646
816 953 888 717
790 961 924 704
814 981 906 700
783 1018 897 675
785 1013 895 680
786 999 889 696
786 975 904 704
777 1002 892 700
787 1004 917 675
787 1001 895 686
788 990 911 691
795 1002 888 689
804 989 896 702
775 1016 889 712
780 1019 904 653
789 997 903 639
782 1030 895 685
753 987 896 740
788 986 895 736
858 867 871 680
849 905 894 683
856 895 864 701
874 889 882 662
856 911 882 690
819 1026 907 634
822 983 914 663
821 1009 877 644
838 986 915 629
830 984 907 666
819 1010 889 645
827 1027 900 637
814 973 916 609
827 909 904 679
872 982 864 672
846 987 878 670
862 1006 872 663
880 984 872 635
848 978 900 665
864 981 871 669
831 958 880 671
852 1016 860 653
838 1011 847 685
859 1007 849 679
843 1004 878 675
849 971 892 611
781 1093 874 636
801 1075 896 644
782 1079 868 652
817 1078 867 648
779 1082 883 604
778 1111 879 563
794 1114 850 567
817 1083 854 565
807 1036 883 612
805 1034 887 597
835 1029 908 600
816 1033 880 608
860 1018 868 616
843 1030 871 641
847 1023 852 625
844 1015 897 612
840 1047 871 646
794 1033 876 664
802 1049 869 649
791 1042 877 663
793 1056 883 650
807 1045 878 629
818 1052 870 615
808 1031 872 645
826 1064 856 660
818 1054 858 606
832 913 907 674
864 938 919 622
832 934 907 665
848 935 918 656
812 927 908 697
832 916 899 701
830 959 878 697
820 936 881 703
831 927 894 711
799 938 923 679
788 947 929 682
814 956 907 693
792 954 910 668
790 968 907 680
808 869 983 647
809 855 977 663
792 865 950 667
772 904 980 659
783 903 973 670
782 917 979 654
784 889 986 633
747 870 1012 613
745 859 1021 581
723 915 1003 643
745 884 1009 625
755 922 985 561
824 890 962 615
746 885 1012 563
742 902 1014 552
744 913 1005 584
805 887 988 574
783 894 975 534
786 891 960 582
785 905 966 566
745 899 999 600
780 906 988 622
774 955 931 711
817 970 938 534
809 968 930 571
818 941 942 575
796 912 958 552
800 982 941 559
803 939 948 588
816 959 919 597
804 926 945 656
812 950 925 644
823 957 917 630
821 938 927 623
832 932 947 652
840 934 955 615
820 952 933 607
779 935 984 581
777 949 981 593
757 982 949 560
776 978 977 552
754 985 964 512
746 983 956 549
756 996 955 544
740 954 974 566
774 1030 937 566
754 1048 915 558
752 1037 924 526
771 933 976 618
781 932 979 604
780 946 966 641
810 939 934 612
785 950 944 634
787 936 947 622
779 984 939 618
801 953 945 600
775 1001 941 607
781 996 940 598
806 980 943 659
798 961 930 665
787 961 935 666
788 950 933 672
813 936 919 660
784 953 947 627
782 967 944 639
796 924 937 693
683 1086 858 703
726 1010 932 677
733 1028 916 657
730 1020 919 644
744 1032 893 688
736 1025 901 705
735 1039 907 689
732 1031 910 676
714 1017 918 678
709 1013 940 685
724 1030 917 673
746 1062 900 622
729 1082 863 711
679 1028 933 653
696 1049 902 657
703 1048 890 687
699 1046 887 705
698 1060 893 689
680 1046 901 691
689 1031 918 677
716 1054 911 650
644 963 964 693
658 963 952 690
641 966 960 698
640 980 966 682
686 921 980 721
717 999 913 751
683 996 922 742
709 998 950 710
690 1002 922 718
725 1001 921 714
710 984 944 726
713 981 948 721
699 1031 897 730
716 1028 909 710
682 1057 892 723
674 951 983 669
677 959 980 682
677 974 970 657
676 988 976 641
643 1020 923 694
680 999 937 694
743 952 962 666
738 933 963 672
742 916 961 683
727 933 968 673
737 922 961 682
731 916 966 684
747 935 960 677
744 938 956 682
737 936 957 691
746 933 954 687
724 950 968 678
728 933 966 689
748 945 937 668
714 927 982 717
772 944 958 678
764 927 947 686
710 925 944 728
739 950 934 705
746 949 947 714
736 936 948 719
730 930 953 721
740 944 954 704
735 950 954 703
741 930 948 720
739 933 952 714
731 959 948 693
705 952 952 695
711 970 957 689
747 1033 904 663
740 1027 904 687
769 1026 917 703
731 1017 921 655
770 996 918 692
769 1010 924 676
785 993 926 643
786 998 921 651
763 981 938 652
769 1001 929 659
761 1009 931 673
771 998 924 682
751 996 932 678
745 1006 960 669
752 962 936 670
777 1012 932 639
767 999 933 644
778 998 926 655
771 982 931 655
784 978 935 671
785 964 929 687
798 935 928 725
779 939 900 733
726 987 915 730
755 979 930 689
738 973 941 691
753 1007 923 710
762 995 925 689
754 993 917 726
729 984 919 725
746 992 954 685
730 970 913 741
730 973 935 730
722 954 922 736
770 972 933 700
728 962 944 698
714 967 942 737
733 1002 914 717
737 985 912 728
734 988 908 733
744 1001 907 728
650 914 1021 604
654 897 1019 615
684 885 1038 591
652 886 1028 583
716 950 1010 559
720 933 1008 570
722 920 992 544
721 904 1012 611
718 961 1001 591
708 948 1002 596
674 977 985 609
678 960 983 620
688 966 980 588
719 947 995 607
677 948 968 717
678 945 974 698
682 928 972 709
692 934 969 677
685 950 976 680
678 934 981 680
681 942 978 693
724 901 997 659
720 918 999 648
715 913 995 680
712 916 991 685
713 902 1004 648
773 930 971 641
745 938 965 654
743 927 974 622
710 959 993 628
711 945 987 644
719 932 1005 632
747 919 967 650
743 936 969 639
745 924 969 645
735 925 966 659
679 931 987 661
683 939 985 648
780 1059 919 549
744 1051 909 590
758 1027 936 600
736 1034 923 560
781 1030 923 590
738 1045 914 592
766 1028 929 603
757 1053 899 581
710 1064 899 576
732 1057 912 616
746 1046 907 595
803 1023 936 630
759 998 940 641
783 1041 914 622
723 1013 947 629
737 1045 909 614
784 1027 908 638
766 1044 922 630
750 1025 928 637
722 1019 926 641
706 1016 955 637
743 995 969 637
767 1015 926 671
762 983 934 640
686 1034 933 629
708 1027 946 669
749 965 951 622
740 1033 918 639
722 929 990 680
711 930 997 669
747 978 967 648
771 958 964 662
769 947 973 630
779 960 972 625
724 951 973 600
721 968 973 605
720 1031 952 556
748 994 947 581
742 1024 965 596
722 1042 943 588
723 1028 937 604
768 976 969 589
696 968 988 551
699 973 972 574
651 900 1015 620
653 911 1006 652
642 912 1013 641
686 936 989 643
682 953 991 632
832 891 900 694
800 907 935 704
807 923 930 704
817 899 922 713
816 913 928 697
816 910 906 708
791 904 936 711
782 891 935 725
774 915 971 691
755 919 943 699
748 921 954 693
746 909 969 695
756 925 939 723
866 888 919 621
806 921 943 661
807 907 937 677
824 915 936 660
808 909 943 667
814 902 937 665
791 892 945 662
790 918 942 695
806 937 936 688
788 907 951 663
785 924 951 668
819 941 914 670
840 908 911 686
848 910 919 649
832 891 925 656
858 886 911 658
850 891 907 646
848 919 900 667
828 930 909 663
845 952 918 661
799 894 953 625
808 893 950 640
804 910 952 629
825 901 930 676
795 808 965 687
790 810 976 704
796 811 951 695
795 789 955 690
772 780 966 717
818 736 947 689
814 753 949 678
813 735 957 688
800 736 950 681
817 750 953 673
781 753 952 711
796 775 949 706
799 772 953 701
800 758 947 717
816 764 940 710
757 828 948 749
759 814 965 736
756 856 964 748
772 834 936 745
758 828 971 727
765 818 941 745
762 821 937 750
776 861 953 690
776 844 971 699
773 847 967 704
777 830 965 715
793 836 958 708
798 829 947 709
803 827 946 695
803 784 929 721
801 812 922 742
795 825 938 732
797 797 945 711
783 796 941 717
798 786 940 738
779 781 945 732
812 710 979 619
753 810 1008 681
771 769 998 656
788 799 985 672
791 796 989 667
792 782 983 683
772 755 992 672
775 752 996 667
831 797 965 649
805 799 953 674
819 784 952 658
832 783 959 665
761 786 972 715
760 800 978 699
774 766 983 704
815 707 964 667
811 724 966 656
776 738 990 683
814 721 970 651
810 738 972 640
797 761 962 669
754 693 1003 658
747 895 963 711
750 892 967 706
748 881 994 673
748 881 976 674
791 825 967 676
794 822 971 671
772 861 973 688
776 887 978 670
756 817 980 688
768 815 975 673
774 833 980 667
761 861 987 663
755 831 986 679
766 830 979 690
762 847 981 679
765 844 985 674
763 833 994 642
787 813 991 656
799 815 960 672
772 770 1001 594
709 738 1025 624
773 741 1005 635
768 787 1003 583
816 787 967 610
833 769 972 628
811 739 975 578
818 798 958 642
789 785 998 635
784 831 996 583
751 878 961 722
743 819 988 708
751 838 1001 702
733 808 991 715
754 845 973 716
753 859 979 700
618 889 1009 656
645 909 998 689
646 895 1011 652
654 888 999 666
643 898 1007 657
621 886 994 704
651 874 1013 680
654 882 1010 693
646 886 991 703
617 903 996 693
655 883 1013 631
644 884 1020 620
697 905 1009 600
681 811 1007 700
684 817 1012 697
674 806 1015 704
709 773 1021 643
749 867 1007 636
750 813 1023 633
686 740 1021 708
685 763 1028 694
684 777 1034 678
746 870 1003 641
750 853 1001 652
748 841 1016 654
752 824 1014 665
749 827 1010 670
715 845 1000 665
727 825 1002 682
690 904 978 732
696 897 972 730
706 908 969 723
695 908 956 725
679 905 985 721
687 907 993 684
645 817 1043 580
686 857 1045 570
706 791 1026 570
749 842 1019 592
667 812 1044 611
699 877 1016 579
728 786 1027 601
658 865 1008 704
655 857 1011 691
648 852 1009 709
655 859 1003 707
647 866 1015 693
659 842 1001 718
692 836 1025 691
758 879 992 590
656 854 1017 672
703 845 1005 668
702 859 1011 652
690 825 1034 659
711 862 1002 654
679 863 1010 645
655 868 1023 656
672 862 1002 658
688 853 1027 680
689 839 1040 643
726 814 1020 622
716 842 1006 646
652 860 1026 643
688 868 1036 602
689 854 1030 618
685 871 1032 607
687 882 1023 639
762 862 990 601
723 857 1013 593
747 856 1016 604
649 785 1032 669
620 821 1056 615
621 807 1050 631
619 835 1043 652
775 901 965 707
767 884 954 715
749 906 954 743
739 893 955 748
742 890 959 743
738 907 961 732
740 919 946 730
742 907 941 734
740 879 968 711
680 891 979 737
688 893 987 700
707 885 962 737
700 880 970 741
714 870 999 667
713 859 997 677
718 853 997 678
655 932 984 650
726 922 975 657
701 873 998 689
711 837 983 731
718 844 977 729
716 856 982 725
707 854 985 720
710 851 989 715
734 861 963 717
715 887 970 700
716 899 989 696
712 873 984 714
706 868 991 704
717 867 984 715
719 888 962 713
708 840 998 683
714 859 987 702
719 839 991 694
714 845 991 693
715 856 993 683
730 851 984 686
716 816 1004 706
694 857 1003 689
705 856 996 700
759 882 946 752
768 859 945 727
760 868 959 715
757 871 955 720
775 858 958 736
743 876 953 759
729 836 975 715
750 902 972 671
817 831 941 697
806 831 955 672
787 853 951 676
797 843 953 693
785 865 951 670
789 848 949 681
815 859 953 672
816 845 947 681
818 885 935 676
811 876 955 661
790 893 943 688
792 890 949 674
764 858 972 711
757 842 977 711
790 850 936 724
788 862 936 718
789 864 942 708
786 867 938 713
779 851 943 713
785 881 944 697
791 879 937 704
938 878 736 614
838 983 730 813
869 953 685 816
874 938 705 781
883 931 698 787
896 930 705 794
904 932 713 757
908 1013 655 754
895 996 685 763
913 969 650 753
887 955 675 772
900 952 680 762
930 876 728 651
919 907 744 696
911 905 736 733
868 994 781 774
901 997 725 740
881 1007 732 773
865 1004 761 769
898 950 779 734
882 983 734 764
914 996 732 747
841 983 666 862
852 982 675 828
846 968 686 827
842 969 679 825
882 970 655 807
877 934 677 802
852 986 694 820
859 965 691 817
863 936 681 821
724 938 825 867
708 953 812 865
710 957 811 865
713 914 818 894
696 939 813 876
767 1150 709 797
827 1138 698 771
799 1139 686 780
811 1135 699 757
800 1145 682 804
841 1137 643 786
828 1124 692 787
817 1116 692 792
813 1149 659 757
806 1156 643 775
840 1133 710 735
899 1073 668 684
848 1047 737 767
845 1057 756 781
838 1059 743 768
833 1103 748 769
859 1055 752 762
887 1019 712 769
854 1027 711 777
837 1056 701 789
847 1120 720 779
871 1089 729 755
857 1100 690 741
862 1072 738 747
891 1071 751 763
864 1091 730 767
869 1078 738 723
894 1014 710 739
892 1064 743 709
913 1062 712 716
900 1063 705 709
899 1022 679 723
900 1037 691 720
765 1164 682 793
772 1157 698 775
764 1158 686 769
827 1097 610 793
837 1085 604 792
895 1014 648 747
912 1035 630 722
935 896 597 618
949 881 591 532
936 946 598 613
946 880 653 535
937 888 699 589
910 1033 729 694
915 989 724 693
910 1042 743 681
910 976 796 629
920 967 784 616
907 993 796 634
902 998 798 631
912 965 776 653
912 949 791 633
928 952 762 637
919 1013 733 625
910 997 760 631
923 996 767 638
928 1011 729 666
933 967 724 665
918 947 710 676
920 950 754 674
905 1024 780 635
913 1000 744 669
906 952 787 697
901 1005 806 685
889 1015 796 662
897 1042 803 632
907 1013 760 659
915 994 759 675
910 974 762 665
915 932 791 628
925 923 779 615
924 930 787 669
911 931 780 662
903 929 772 699
923 903 705 675
925 920 733 652
903 998 693 726
922 961 604 699
927 984 647 672
922 998 649 668
928 944 681 692
918 1018 707 715
923 988 686 693
926 1020 624 636
941 969 641 586
942 959 678 611
936 954 679 558
936 923 679 612
911 969 788 575
911 1012 770 584
908 986 788 580
924 989 759 584
937 944 716 583
934 915 733 561
933 922 741 615
927 1015 741 588
914 1016 734 581
918 1044 660 602
932 1033 704 634
919 1034 697 627
914 1055 704 662
929 1004 721 612
915 1012 722 659
885 1002 835 681
890 974 815 700
883 943 798 724
885 951 772 727
857 960 816 719
864 979 804 736
877 959 805 722
893 978 799 715
896 961 799 710
877 975 798 749
916 928 779 706
867 1024 835 709
869 999 834 715
883 1027 806 713
893 1003 798 722
901 979 762 756
888 980 755 749
888 1042 768 741
909 981 770 719
906 1020 768 713
895 1000 704 755
874 995 756 765
892 1004 732 734
794 1019 849 754
804 1030 846 747
819 1005 835 742
851 1021 834 743
842 1035 757 771
841 1014 760 778
837 1011 778 764
867 1008 787 758
875 1025 798 750
839 1009 775 767
857 995 788 763
856 1029 770 758
875 1027 758 763
848 1012 759 766
859 1032 781 735
856 960 823 728
854 988 816 749
838 1003 823 747
851 1005 816 754
859 981 805 750
829 1022 806 772
824 1025 795 758
818 1023 813 761
826 1032 786 767
832 1025 806 751
831 1043 784 770
832 1009 788 762
841 1054 781 763
828 1054 779 767
852 977 825 717
909 1105 722 632
891 1127 722 660
903 1092 642 634
917 1081 686 666
867 1107 765 626
868 1113 761 650
900 1068 785 636
864 1150 758 597
901 1061 777 582
855 1113 821 601
885 1058 806 578
838 1136 783 616
860 1131 784 647
906 1079 740 628
889 1042 755 682
902 1057 765 660
905 1086 748 682
887 1108 748 710
850 1051 697 774
857 1028 731 772
831 1074 767 766
818 1063 791 780
849 1073 794 757
857 1144 686 653
844 1152 684 685
759 1117 826 662
763 1122 815 663
743 1114 825 696
760 1111 817 688
738 1126 828 698
755 1123 820 690
709 1127 815 682
830 1146 741 740
829 1160 747 724
820 1143 756 716
845 1179 766 679
816 1180 753 663
827 1149 756 692
821 1159 809 645
823 1152 770 647
752 1115 823 677
785 1151 799 686
813 1140 796 651
758 1163 777 702
778 1145 799 710
755 1181 782 629
784 1180 795 645
719 1173 772 670
752 1141 825 617
799 1132 813 613
849 1142 769 732
799 1125 799 732
807 1144 812 726
788 1148 784 734
787 1162 790 718
848 1136 773 708
813 1114 794 711
843 1159 692 739
815 1171 708 710
843 1157 717 726
786 1172 695 694
773 1173 751 704
780 1172 743 704
779 1201 739 663
744 1174 738 688
863 1157 766 651
866 1114 773 680
890 1134 730 714
861 1135 717 698
850 1135 761 678
858 1109 735 694
746 1096 822 721
766 1104 810 736
762 1099 821 735
793 1097 800 750
800 1102 792 746
789 1114 802 739
793 1104 779 733
835 1102 736 739
827 1120 759 736
832 1117 754 753
823 1100 763 745
808 1102 767 742
825 1122 812 698
817 1117 774 712
846 1116 787 728
824 1123 774 688
814 1100 788 727
852 1099 776 761
756 1109 814 706
846 1093 638 785
863 1093 673 739
876 1094 697 721
886 1082 691 720
863 1064 648 773
858 1108 653 774
848 1115 687 738
889 1107 648 720
856 1112 674 725
869 1111 681 732
772 1097 845 685
809 1092 852 712
783 1081 848 721
781 1070 857 689
780 1093 839 696
789 1110 830 704
790 1096 824 720
699 1112 846 654
728 1111 859 670
729 1097 853 686
775 1105 842 698
702 1086 844 717
701 1100 850 701
716 1133 815 658
785 1117 816 694
794 1043 834 746
744 1085 829 737
781 1077 822 732
748 1082 849 725
775 1079 840 758
753 1086 827 718
737 1086 837 737
746 1080 827 742
739 1097 832 739
722 1076 863 735
765 1074 821 766
685 1097 849 735
703 1080 835 743
756 1060 841 739
815 1056 818 695
812 1049 859 741
791 1062 842 725
783 1050 846 725
777 1051 847 737
784 1067 842 737
793 1057 840 730
773 1068 849 726
809 1076 834 723
810 1062 828 739
793 1073 833 757
792 1067 837 733
776 1065 834 774
839 1110 850 597
844 1066 845 596
842 1067 857 626
858 1070 828 630
847 1111 813 638
826 1115 804 644
823 1107 849 631
862 1033 831 683
850 1043 821 660
776 1114 818 654
806 1099 825 686
805 1113 831 670
809 1076 859 685
787 1099 839 672
796 1096 840 662
825 1095 853 678
760 1117 831 640
803 1102 840 638
797 1096 845 640
780 1099 853 648
871 1043 809 659
841 1098 824 682
843 1073 853 650
827 1070 852 684
851 1074 816 691
868 1062 813 666
850 1084 813 694
859 1076 824 654
850 1068 820 667
795 1085 854 608
786 1112 842 604
802 1131 836 597
773 1132 823 581
757 1129 822 615
786 1128 835 631
854 1031 823 720
854 1006 824 713
870 1007 835 704
870 1050 817 713
844 1055 831 711
826 1065 799 743
828 1036 812 756
836 1053 823 748
815 1066 806 732
820 1060 806 733
823 1075 779 738
802 1082 806 761
816 1071 801 740
854 1047 816 747
827 1078 793 726
825 1079 805 727
833 1096 816 719
817 1103 799 704
822 1096 830 694
814 1077 817 700
786 1088 820 735
812 1033 841 752
818 1019 841 726
821 1010 840 727
835 1008 836 708
820 1033 847 713
834 1022 842 692
828 1052 860 707
806 1050 852 719
814 1026 827 716
817 1034 824 729
790 1047 851 753
874 1090 737 714
895 1090 725 713
878 1051 780 754
844 1080 763 767
858 1069 758 746
869 1076 750 732
803 1059 799 775
817 1077 797 764
807 1070 803 759
794 1059 827 773
806 1077 811 739
828 1086 777 741
820 1074 781 741
867 1051 794 729
807 1063 805 755
814 1051 815 760
900 1042 741 707
882 1090 785 664
853 1092 768 707
892 1066 777 673
858 1095 760 686
874 1088 777 701
850 1068 795 705
886 1053 788 717
866 1071 766 709
867 1057 760 725
851 1054 789 721
856 1058 767 714
866 1087 814 660
863 1088 791 676
864 1094 787 700
861 1065 804 678
871 1064 755 710
873 1018 808 665
897 1022 772 672
892 1041 778 666
887 1046 780 663
908 1044 749 670
889 1021 809 631
884 1022 832 623
868 1021 821 632
859 1044 831 597
860 1069 816 600
884 1065 814 632
856 1050 842 650
848 1048 834 687
881 1039 832 628
865 1036 831 662
889 1040 795 669
746 956 783 876
733 925 785 894
720 943 777 883
709 912 755 926
700 931 761 921
708 935 762 912
704 924 758 928
732 957 776 872
724 935 725 928
755 1085 565 876
756 1071 559 892
744 1079 605 886
743 1093 611 870
775 1067 587 884
782 1060 603 866
763 1075 633 878
777 1053 614 888
762 1054 636 885
754 1062 712 847
740 1088 718 855
768 1087 730 846
754 1098 691 832
787 1065 731 843
758 1063 661 894
765 1061 660 882
761 1068 642 869
776 1087 648 847
796 1060 669 853
795 1083 676 839
762 1104 653 853
781 1100 681 845
782 1086 675 861
747 1105 675 850
760 1085 710 847
757 1077 667 878
730 1080 660 871
732 1069 705 861
749 1076 688 863
750 1062 682 879
757 1055 698 861
801 1054 610 846
802 1044 607 862
808 1103 603 813
801 1110 587 831
823 1078 636 843
822 1092 642 827
807 1093 664 824
852 1051 633 779
845 1058 617 797
851 1066 618 781
864 1065 625 788
838 1111 661 782
785 1058 740 834
800 1076 707 829
809 1079 691 828
812 1072 720 806
828 1075 719 820
885 1088 674 770
813 1031 679 841
799 1057 685 849
842 1074 664 835
850 1107 674 759
814 1086 680 806
831 1057 690 794
851 1041 694 790
844 1096 713 788
825 1100 685 796
857 1049 695 774
850 1066 680 773
851 1052 674 789
830 1056 680 795
872 1075 723 771
870 1048 702 781
691 960 757 894
741 977 727 894
751 982 746 886
714 971 751 890
734 982 739 887
699 1167 544 831
714 1142 577 861
713 1156 583 845
720 1149 599 827
733 1138 605 853
694 1131 610 861
705 1150 621 824
701 1164 629 839
713 1127 638 853
702 1150 623 855
687 1175 590 825
685 1168 599 816
726 1147 565 827
740 1136 604 841
790 1089 738 834
714 1104 631 867
735 1124 632 857
755 1106 654 865
740 1131 621 835
741 1122 598 857
760 1118 626 849
747 1129 620 823
732 1130 642 820
820 1079 663 804
786 1105 649 811
787 1106 659 810
784 1106 661 841
783 1120 667 825
815 1094 643 839
780 1113 643 828
787 1111 642 816
767 1111 642 831
774 1130 566 835
761 1117 615 836
781 1123 582 817
738 1081 639 886
736 1095 612 882
795 1112 621 831
796 1098 615 847
710 1177 719 761
704 1170 697 795
703 1184 703 779
739 1151 697 806
738 1165 703 790
762 1138 612 829
749 1125 661 830
760 1131 621 820
781 1149 654 812
780 1163 660 796
748 1139 667 814
674 1162 639 826
708 1157 645 821
673 1176 645 810
693 1158 667 818
688 1151 678 840
728 1139 667 829
721 1146 651 847
726 1132 676 820
719 1139 660 838
759 1181 605 800
745 1182 660 785
746 1168 654 801
731 1193 621 771
717 1183 648 794
766 1174 621 782
752 1175 676 767
761 1201 679 740
768 1194 695 722
808 1178 692 728
782 1183 734 736
736 1172 677 753
796 1182 679 751
778 1152 669 764
689 1195 664 765
724 1176 664 776
700 1202 708 706
782 1070 725 840
801 1095 698 824
802 1081 692 840
803 1102 689 833
768 1121 689 822
723 1132 678 851
735 1095 687 865
754 1120 660 849
707 1147 706 832
722 1096 667 867
720 1125 654 854
708 1133 700 848
731 1132 684 812
742 1128 706 843
743 1114 700 859
778 1123 672 808
753 1112 697 816
746 1119 681 834
797 1119 700 800
701 965 776 886
699 979 770 888
709 986 764 893
680 1084 798 807
704 1094 772 809
684 1086 784 794
676 1101 800 796
702 1078 789 823
664 1123 752 814
674 1090 805 794
727 1104 764 812
730 1101 768 807
737 1115 761 805
726 1089 773 840
746 1086 765 832
731 1087 762 823
739 1086 774 818
751 1071 785 797
774 1045 760 834
738 1092 754 819
747 1072 778 795
744 1075 774 800
756 1084 761 800
740 1072 768 834
755 1067 759 837
744 1067 773 812
773 1066 786 828
741 1051 736 861
745 1062 740 845
742 1053 725 847
738 1067 752 838
721 1067 818 782
747 1082 814 785
743 1071 810 801
747 1066 796 796
723 1089 788 793
714 1074 802 800
724 1078 782 808
723 1092 788 792
727 1075 786 803
784 1092 774 793
785 1069 767 807
771 1086 778 792
774 1052 799 791
771 1055 795 796
820 1073 699 821
825 1098 710 783
814 1058 747 810
844 1094 738 775
800 1062 732 821
741 1166 785 710
780 1129 771 740
802 1165 756 744
762 1126 780 755
742 1137 789 751
791 1125 793 771
707 1195 724 688
721 1184 763 702
722 1155 767 743
722 1170 757 718
766 1180 735 722
718 1081 790 789
719 1115 810 731
741 1108 823 771
743 1080 830 750
759 1086 823 743
763 1085 815 751
756 1083 812 766
742 1094 817 787
746 1096 820 769
792 1111 787 787
686 1083 843 751
732 1079 848 759
727 1100 792 777
722 1112 795 779
675 1130 796 755
710 1111 799 747
712 1109 810 755
759 1100 798 751
788 1099 811 767
783 1169 728 752
758 1147 725 798
750 1161 716 767
757 1154 732 749
770 1143 738 775
785 1140 741 765
772 1129 765 779
777 1136 754 757
789 1128 708 763
784 1135 746 757
803 1117 747 777
805 1122 763 773
723 1166 725 787
745 1134 774 799
744 1148 780 783
725 1152 752 791
730 1159 741 769
798 1082 718 806
770 1107 716 826
806 1074 754 806
798 1080 743 793
791 1075 751 797
807 1060 748 822
815 1055 748 811
786 1077 762 814
787 1063 756 830
758 1091 753 798
805 1124 738 786
797 1103 750 779
804 1103 741 793
797 1105 725 792
787 1132 731 805
786 1146 737 789
789 1103 744 818
796 1126 707 751
783 1120 755 785
784 1106 749 801
816 1108 729 759
811 1101 740 781
807 1072 778 772
798 1081 769 772
802 1098 756 782
789 1085 805 783
781 1066 792 789
804 1046 796 768
830 1097 768 773
831 1083 762 789
752 1066 697 853
769 1066 704 852
741 1107 709 850
721 1096 742 850
740 1117 715 811
724 1118 716 820
759 1099 716 831
715 1126 716 830
729 1115 755 844
739 1088 749 831
727 1068 747 846
740 1074 743 847
714 1140 722 814
707 1122 742 804
704 1121 724 828
739 1102 724 839
847 1053 720 817
839 1034 707 823
846 1032 723 824
829 1061 713 836
747 1033 753 858
739 1044 745 852
749 1049 736 844
766 1026 747 840
783 1047 718 854
779 1044 743 836
793 1034 687 849
801 1028 698 862
786 1029 695 853
784 1022 704 844
801 1034 662 845
789 1031 656 863
797 1035 636 896
796 1049 642 880
784 1057 688 874
816 1041 742 827
799 1041 735 828
801 1039 725 835
800 1018 728 842
830 988 730 824
828 1005 718 840
807 999 712 843
798 1013 743 831
813 1017 735 836
793 1020 712 841
780 1025 719 844
772 1023 711 881
789 994 721 869
788 1021 711 846
825 1009 674 842
821 1015 672 845
823 1026 662 858
840 997 672 846
819 997 694 846
824 1012 656 874
802 1020 656 861
807 1023 663 844
886 1022 694 801
859 1045 674 823
864 1030 694 788
867 1026 666 809
881 1036 635 776
890 1044 669 769
871 1048 641 777
866 1040 672 793
809 1037 623 844
807 1034 643 843
828 1034 631 842
838 1022 625 841
804 1030 634 866
873 1005 724 810
853 1027 721 794
840 1011 700 837
853 1023 702 802
854 1009 696 818
877 1031 718 770
858 1034 710 772
846 1003 617 827
845 1005 641 830
865 999 645 819
756 961 802 868
748 942 789 874
844 1024 737 795
831 1011 786 796
859 1006 779 795
851 1017 743 789
847 1018 736 787
849 1001 760 803
873 1009 743 802
872 1023 749 786
850 1031 749 773
856 1031 730 771
826 1021 756 824
834 1040 769 818
840 1010 751 803
845 1046 729 808
833 1054 775 802
835 1026 782 781
830 1025 792 780
842 1031 774 777
768 1048 823 782
750 1041 796 827
774 1043 785 821
792 1037 778 820
749 1055 802 811
786 1063 787 806
773 1057 791 805
787 1049 781 822
764 1037 806 784
777 1034 812 794
808 1040 779 786
782 1045 793 784
801 1038 776 801
795 1040 786 781
788 1035 794 785
766 1044 797 793
810 1029 785 801
821 1020 798 809
820 1034 804 793
791 1051 784 804
815 1037 809 776
722 990 785 881
709 984 789 880
732 973 794 861
727 978 782 879
698 944 785 883
716 954 775 906
695 937 777 904
684 955 765 898
699 954 768 907
681 973 775 895
690 967 787 883
677 963 787 892
694 960 784 890
691 954 779 893
685 982 800 886
688 966 791 877
739 760 898 815
733 792 903 824
717 789 932 820
750 785 916 806
756 765 890 816
747 782 977 713
766 747 970 710
776 763 964 728
758 785 964 756
754 802 966 745
728 850 962 752
738 826 954 761
748 837 951 754
722 820 961 768
756 837 924 770
766 804 935 761
732 833 960 763
749 814 944 768
742 809 952 772
730 822 969 731
764 832 928 782
781 710 945 740
777 727 947 729
780 756 930 751
784 739 928 762
789 754 890 790
779 803 897 788
756 813 915 788
763 800 926 784
746 802 918 795
689 934 921 785
660 886 986 702
659 900 973 739
693 871 990 726
668 878 929 794
688 849 944 781
687 863 950 765
671 884 934 791
724 831 952 800
720 848 954 789
721 834 967 752
716 812 939 806
713 806 934 809
706 801 942 813
704 936 944 745
693 911 950 746
722 885 947 761
717 891 947 760
725 911 929 765
712 905 933 764
694 922 943 762
708 919 942 756
705 922 938 761
709 905 936 772
720 917 929 764
797 901 848 801
712 995 935 758
704 976 922 764
721 982 911 762
718 985 907 767
749 931 886 799
731 937 893 800
736 925 890 798
723 936 900 797
707 933 929 793
719 926 905 785
716 920 905 797
712 937 907 786
695 922 941 778
711 925 912 782
688 957 928 771
707 942 914 771
698 948 923 782
694 965 925 771
705 953 915 778
722 968 905 778
691 939 943 767
757 950 899 793
739 939 901 763
722 952 887 789
759 879 924 763
752 854 926 759
766 927 898 768
759 922 906 772
757 907 917 784
672 861 927 805
690 860 935 813
687 854 930 816
706 863 906 817
703 857 901 820
710 881 901 809
696 850 907 822
719 782 895 838
717 791 892 833
722 804 913 817
715 799 897 827
741 866 887 821
745 849 885 832
736 858 890 836
740 834 923 804
738 830 897 815
732 815 910 810
766 788 887 810
770 812 902 792
772 816 886 792
766 829 909 806
754 836 890 808
697 827 900 836
707 840 899 831
713 833 893 829
716 839 898 826
727 819 875 845
728 839 877 842
717 816 891 840
714 864 899 820
711 858 894 823
731 863 903 816
732 858 892 819
719 852 896 818
677 892 931 791
686 877 937 802
755 903 891 795
730 886 910 802
736 894 907 802
747 882 897 809
740 877 905 813
749 888 904 790
744 860 898 799
753 851 893 795
736 851 925 793
762 846 911 795
737 848 922 791
729 926 902 768
779 950 807 849
771 931 794 855
677 856 914 825
694 878 900 843
695 855 893 857
698 861 898 854
702 887 873 849
678 933 818 883
683 871 845 879
683 877 845 875
688 914 822 881
688 904 823 885
696 908 824 876
684 921 825 874
722 811 878 860
718 828 880 849
712 855 861 859
706 944 832 868
711 932 829 866
704 927 837 870
687 927 830 871
724 815 862 860
729 816 870 856
721 809 857 863
721 786 879 838
677 802 905 845
677 961 812 879
718 976 824 859
732 957 838 861
772 908 787 869
730 910 830 863
554 806 840 924
715 728 836 884
699 725 865 880
691 706 852 886
663 725 849 897
667 733 845 893
584 816 873 906
612 820 847 917
574 793 861 912
594 790 837 930
601 783 853 912
582 770 859 912
621 770 874 900
629 771 837 941
568 723 847 936
575 716 863 918
604 750 854 906
600 745 865 905
586 753 857 923
626 742 854 919
625 719 798 947
652 696 818 925
673 755 811 934
670 726 828 912
675 775 885 874
645 790 856 896
668 792 845 892
665 752 888 880
657 745 875 887
665 779 847 900
681 755 859 884
676 759 824 919
661 796 849 889
671 744 862 891
665 754 848 893
722 893 819 871
701 752 885 851
672 794 908 860
673 789 868 887
689 774 872 878
669 788 903 863
673 771 901 874
678 779 898 859
691 819 878 874
699 838 891 868
681 808 881 881
731 772 829 884
715 769 858 880
714 792 865 866
711 786 860 869
725 792 855 874
717 773 842 880
691 821 838 887
689 817 854 887
688 840 861 873
681 798 841 893
694 789 834 906
693 812 841 892
690 806 836 895
715 886 825 873
703 864 866 863
605 922 857 871
590 904 852 877
647 801 847 928
643 818 849 917
655 803 855 891
669 830 833 899
667 848 831 894
602 882 900 859
639 800 884 887
647 837 864 894
652 863 853 893
634 833 843 906
600 860 851 906
608 837 849 906
633 854 875 879
626 812 855 899
619 813 863 899
634 831 868 893
635 817 886 876
604 819 884 876
652 899 870 859
665 867 874 881
661 884 876 870
687 1011 894 775
646 920 962 750
648 931 953 782
615 949 942 755
644 948 955 771
644 954 944 744
643 977 951 730
645 925 948 785
622 921 959 739
646 1017 908 742
681 933 958 744
680 956 965 730
659 948 908 794
647 988 912 783
651 978 914 771
664 934 924 786
653 935 931 775
672 935 917 789
668 952 919 778
660 951 926 775
666 941 924 776
652 955 907 785
666 955 902 784
767 923 869 813
692 907 859 852
684 912 875 840
689 958 863 816
706 949 886 823
706 959 862 812
702 966 888 812
713 954 878 819
698 943 869 827
688 997 888 791
691 997 885 783
703 923 904 819
667 941 896 800
699 940 906 808
665 911 917 800
657 909 909 837
673 912 910 803
676 897 923 805
649 908 946 796
651 879 925 798
685 893 894 832
732 914 886 814
736 927 865 811
721 932 874 808
733 912 892 806
724 913 893 811
717 906 899 813
738 974 898 771
728 951 886 777
755 887 843 844
758 909 842 854
748 960 839 827
736 952 849 818
757 932 849 840
765 951 862 834
733 952 852 826
718 974 849 846
731 980 845 847
700 944 839 859
592 902 886 862
591 925 893 848
621 892 878 856
604 945 864 857
651 971 910 794
660 958 891 818
655 963 904 798
643 952 897 800
623 950 905 796
619 955 894 839
625 977 891 807
639 941 893 816
635 958 895 805
590 956 881 823
595 951 868 843
583 924 930 807
584 908 927 798
650 927 869 859
641 942 863 848
623 938 892 850
647 888 872 856
638 916 881 844
635 876 924 832
656 932 916 823
652 949 918 812
653 926 911 826
667 950 815 886
670 956 820 883
654 912 842 883
684 1005 807 872
701 983 826 839
703 987 825 839
697 959 826 857
696 982 833 843
685 980 825 873
684 1003 832 859
669 972 864 839
673 955 862 850
668 959 854 859
650 1001 800 875
671 999 811 871
659 1005 811 859
653 969 801 884
682 940 868 861
669 936 847 873
654 910 867 870
664 910 858 874
651 904 862 873
668 893 856 885
655 887 860 884
716 911 885 848
715 934 892 834
664 867 906 827
670 929 880 846
636 1018 811 860
622 995 851 851
626 978 849 862
634 955 847 862
649 1005 820 855
638 949 821 877
643 959 858 846
647 942 856 857
641 948 863 844
633 978 854 848
625 1001 856 848
621 1018 858 837
659 972 873 835
655 989 875 824
650 982 813 869
641 1004 857 814
657 1026 868 796
688 981 870 802
672 978 869 836
679 983 861 832
666 946 882 835
669 952 887 832
665 969 889 821
774 928 861 809
750 865 897 804
720 774 892 828
700 891 909 813
718 883 892 827
693 886 917 817
690 880 912 820
681 859 974 756
633 810 983 768
648 809 1002 738
643 781 1002 742
651 772 998 740
649 786 995 752
654 780 995 753
650 797 997 742
651 766 1009 767
644 767 996 758
618 772 985 794
628 748 977 803
625 722 995 799
588 743 981 799
755 679 997 674
615 658 976 809
643 632 1014 755
628 680 996 787
667 652 971 789
675 671 984 783
652 743 1002 781
667 695 1020 749
666 718 1027 735
659 676 1007 755
696 727 976 774
674 694 991 769
672 710 982 777
691 715 977 783
757 690 988 706
721 682 978 747
710 702 1001 728
709 693 977 755
691 714 1014 700
713 706 1014 713
749 671 975 712
711 679 994 742
690 620 1001 733
689 643 1008 719
644 724 989 787
678 697 966 787
669 706 969 792
583 725 1018 753
620 704 1032 753
617 747 1025 724
625 766 1038 718
644 723 1026 704
598 677 1036 721
629 739 1013 735
580 811 1018 695
588 787 1024 718
591 795 1021 731
587 810 1031 704
561 766 1017 736
580 767 1048 641
602 762 1049 672
556 748 1054 690
680 732 999 746
670 721 1002 753
623 818 1041 663
671 780 1033 700
624 795 1034 677
620 812 1036 666
624 789 1045 704
666 826 1031 648
649 750 1036 650
662 750 1038 646
634 801 1019 700
702 823 956 772
712 771 969 774
701 783 979 767
708 788 971 763
711 794 976 760
683 791 1021 715
684 768 1014 729
687 774 1019 726
685 794 1005 711
697 797 1005 687
745 767 953 760
727 723 987 742
740 730 980 724
760 719 971 728
744 796 981 722
737 791 989 726
729 772 976 732
717 802 998 722
731 768 1022 674
734 765 1007 722
773 734 981 706
753 707 990 695
723 740 989 731
726 746 994 728
732 754 1016 690
688 751 1012 740
676 762 996 732
716 735 997 735
698 757 997 763
690 738 984 769
694 863 910 831
752 840 926 772
734 862 926 800
731 840 927 790
743 860 905 808
727 857 934 804
680 882 896 829
684 872 915 820
689 867 902 840
680 880 921 816
615 832 983 796
623 834 991 759
643 821 980 761
651 840 993 755
675 829 973 772
692 812 959 779
679 824 978 750
708 831 978 734
715 830 991 743
712 814 976 745
719 813 989 754
696 811 992 724
693 803 995 711
755 788 979 708
730 782 1009 711
735 797 971 739
756 774 973 724
689 795 997 724
676 795 995 728
692 792 982 772
689 786 977 775
688 809 984 761
646 778 987 790
634 789 971 782
642 795 989 779
664 786 980 776
630 784 1001 764
665 763 973 790
709 865 976 752
710 842 969 766
649 829 1002 723
656 828 1015 732
629 807 1008 750
592 828 994 750
637 809 1016 713
735 699 951 776
724 711 961 769
734 722 958 762
716 694 956 770
680 686 946 811
679 709 953 797
683 705 956 796
686 819 965 781
703 772 959 791
700 768 946 806
725 791 940 783
695 818 964 776
676 806 966 786
696 795 957 790
685 750 962 792
693 769 975 786
675 739 965 799
656 784 972 813
738 758 973 745
747 756 933 784
743 773 935 773
731 784 934 781
739 780 969 750
740 755 954 769
742 741 971 756
692 816 902 833
583 793 1013 768
497 883 879 870
649 890 896 843
595 884 926 818
597 864 937 813
647 886 897 843
639 879 899 850
592 878 921 821
584 901 923 821
593 888 904 845
630 865 926 829
589 862 929 850
597 871 902 856
631 842 919 843
623 823 906 849
605 865 930 816
612 833 941 829
613 810 934 843
605 791 921 849
623 790 948 840
546 814 999 768
552 862 953 793
528 814 939 845
563 795 939 856
571 797 947 819
535 807 955 827
581 861 966 809
598 792 929 849
607 813 970 802
610 770 977 831
581 771 964 815
532 864 879 881
562 890 902 845
576 882 910 827
560 863 916 834
569 883 918 827
579 839 917 856
587 816 915 856
576 815 910 865
673 651 910 843
668 753 938 828
644 758 913 850
660 734 925 834
650 723 928 841
665 745 923 837
649 744 912 846
651 735 915 851
641 732 931 846
633 698 959 833
613 726 929 850
639 678 933 843
647 697 946 837
623 702 921 859
636 724 941 837
655 741 891 887
652 712 908 865
652 727 912 841
683 662 907 836
683 715 929 833
675 696 916 839
689 695 903 843
694 707 902 834
644 846 940 831
650 836 912 840
649 850 918 824
652 847 903 872
662 850 911 829
660 849 911 835
666 842 905 833
637 813 908 849
636 853 917 846
672 876 849 871
678 817 957 818
670 798 944 824
634 782 921 841
624 769 922 846
626 816 930 844
626 773 948 835
652 768 934 837
660 787 947 831
641 800 919 834
639 793 919 844
610 786 927 852
631 791 911 881
657 761 965 827
645 783 917 845
649 769 911 853
647 794 912 847
649 742 952 833
673 764 936 831
648 864 905 861
613 812 909 856
622 797 915 867
591 799 913 867
577 776 861 907
526 792 890 892
561 773 890 903
521 746 834 948
528 739 850 930
493 758 850 919
540 735 863 907
530 761 899 883
593 746 873 905
565 694 864 914
479 817 852 917
540 841 877 881
556 828 889 877
608 750 903 891
580 762 919 862
624 753 874 895
626 780 913 878
600 706 958 841
626 660 922 847
583 729 920 856
570 743 921 876
608 764 878 899
623 634 940 843
621 727 892 891
605 724 921 887
647 722 878 893
649 708 895 880
631 678 885 893
647 681 856 897
577 736 937 858
656 873 878 867
721 898 847 858
578 839 1011 716
678 919 972 758
682 902 970 769
630 858 961 786
647 857 995 744
650 863 1000 741
622 857 998 745
639 851 977 747
617 869 976 768
614 855 990 782
614 861 979 755
585 856 977 766
613 886 978 757
610 878 981 744
613 884 986 741
602 877 942 800
599 871 937 803
588 891 925 809
591 901 928 807
617 895 947 794
621 887 941 798
627 875 961 791
628 852 954 805
610 887 1001 693
609 901 988 730
646 880 1002 730
645 934 968 734
649 920 959 742
739 877 907 797
734 889 885 820
717 890 881 824
751 863 933 758
742 864 934 763
723 874 936 793
741 904 946 780
733 885 933 786
708 910 922 807
714 900 894 816
713 923 901 802
694 929 908 805
640 863 942 820
641 889 933 802
626 882 928 818
631 878 936 809
625 870 939 809
656 866 913 824
674 883 957 775
698 905 941 773
714 908 942 739
674 843 979 756
685 842 972 767
682 836 967 770
673 857 966 793
689 860 937 797
676 871 952 779
671 877 952 778
664 872 960 782
675 860 950 789
677 840 964 804
674 834 959 807
669 848 986 741
697 854 988 737
695 843 997 705
677 849 949 782
661 846 978 778
706 847 866 858
704 771 921 824
735 767 932 792
714 767 933 810
742 766 903 812
743 743 896 826
740 721 897 816
701 745 939 820
693 726 926 826
696 737 923 823
699 759 922 833
707 725 913 830
709 729 897 830
699 718 900 837
691 749 901 846
670 825 903 844
686 801 915 828
694 820 928 822
676 790 918 835
668 811 910 849
663 816 923 829
659 824 929 825
681 773 909 837
671 760 910 842
687 766 903 835
690 772 908 832
667 774 922 833
667 799 921 840
673 807 918 840
683 818 915 833
717 793 915 814
720 815 914 824
735 841 892 814
719 838 921 810
693 843 935 808
716 832 916 813
691 837 928 827
708 892 872 854
698 881 875 861
701 887 880 858
702 864 873 872
668 850 904 838
663 804 848 894
718 867 874 838
739 884 872 840
652 1064 764 873
662 1045 768 871
633 1044 774 862
612 1028 798 871
616 1011 796 882
638 1005 787 898
637 1028 794 884
603 1024 787 887
602 1047 794 873
621 916 843 897
617 935 820 899
608 948 839 875
604 929 824 898
607 935 829 895
603 952 831 884
635 965 830 886
618 959 836 868
568 971 831 873
600 984 830 875
666 1028 766 882
533 957 733 960
551 987 743 947
558 980 759 929
523 999 759 918
569 1013 754 900
572 1001 742 916
661 1032 758 891
604 994 754 911
620 975 777 911
630 986 774 904
608 1011 749 897
645 1022 744 893
640 1034 747 895
605 971 747 925
607 982 742 927
598 945 769 929
598 964 756 935
585 958 760 934
584 981 767 920
586 1003 738 913
590 959 718 949
583 954 726 953
598 978 731 943
570 990 747 914
576 984 740 927
597 1001 738 929
573 931 822 898
569 948 824 887
576 941 840 869
579 947 845 866
586 937 818 899
582 935 833 882
645 848 773 950
653 867 786 944
659 928 702 953
675 954 678 959
642 956 702 964
717 1011 729 899
702 994 725 919
706 987 722 926
707 964 715 940
699 945 702 946
683 960 751 933
675 965 705 932
649 947 698 955
662 934 707 950
690 964 708 941
675 941 738 939
657 947 745 940
648 962 739 929
627 956 717 940
622 968 720 942
617 956 706 951
635 986 716 938
649 949 718 946
670 967 716 949
657 999 712 927
661 982 710 938
671 933 813 897
666 937 805 906
645 939 794 910
645 920 807 904
645 922 782 917
632 933 798 909
641 937 809 893
638 930 743 943
635 924 738 946
636 929 747 937
622 966 745 929
631 962 732 930
629 936 731 955
603 935 723 964
590 945 722 944
611 965 740 938
667 914 798 920
680 920 794 921
703 1048 765 850
612 961 726 937
682 983 758 919
661 966 760 917
654 995 774 890
680 1003 744 904
675 1015 747 906
662 1009 751 905
675 1013 772 893
677 994 729 906
664 973 768 896
648 979 751 922
647 1002 758 908
657 983 762 906
647 985 746 915
654 990 738 911
654 1011 724 911
618 975 723 935
647 1018 708 929
660 1005 717 924
691 1034 766 861
679 1026 751 890
640 1048 722 903
647 1041 738 885
662 1025 791 864
631 956 805 895
659 969 794 893
640 952 792 896
657 952 799 895
637 946 787 899
664 957 791 891
614 903 788 922
618 886 786 933
623 897 800 910
608 912 822 909
621 918 818 910
629 893 841 897
651 906 837 886
636 867 779 945
627 873 767 957
531 1023 599 998
671 1045 617 943
668 1088 610 914
669 1065 603 928
670 1059 623 927
692 1027 672 939
690 1047 658 924
716 1113 590 874
695 1108 603 875
696 1102 623 874
676 1107 623 908
716 1084 645 882
723 1082 661 883
703 1100 639 875
716 1090 658 871
709 1080 571 896
717 1099 584 890
728 1076 599 888
697 1089 678 904
689 1070 665 910
737 1022 696 899
582 1083 650 924
587 1074 657 914
609 1063 671 920
617 998 730 921
600 1027 720 933
595 1038 691 920
579 1010 722 931
610 1008 724 931
607 1020 736 915
634 998 737 920
631 1024 700 922
628 1038 734 918
617 1064 650 935
615 1056 654 918
572 1039 736 904
575 1027 724 920
593 1057 734 907
582 1020 740 902
620 1038 687 933
624 1031 684 940
607 1056 679 922
633 1025 696 928
657 1046 672 928
638 1012 698 942
630 1019 691 931
661 1001 703 923
652 1133 653 855
640 1115 665 853
627 1122 678 863
647 1133 645 863
681 1109 658 860
682 1114 645 874
648 1119 639 879
655 1110 662 892
672 1106 674 861
639 1111 701 854
675 1121 629 892
637 1091 627 914
636 1114 634 900
656 1096 656 908
657 1073 649 922
683 1100 639 890
655 1066 658 913
600 1050 750 889
616 1046 739 888
626 1051 758 880
701 1091 680 868
650 1067 720 889
678 1055 704 918
676 1068 728 880
667 1013 725 908
687 1007 701 912
671 1006 722 915
691 1017 689 915
670 1036 691 924
662 1108 678 893
665 1077 715 872
659 1093 723 862
649 1090 727 875
669 1101 694 875
643 1074 704 907
642 1097 711 893
639 1071 729 889
627 1028 751 894
608 1126 650 871
623 1159 675 810
638 1134 708 840
664 1003 597 963
658 1023 665 942
644 1042 651 940
651 1025 649 941
637 1051 655 949
644 1044 671 931
563 1049 676 938
591 1037 660 967
625 1008 677 954
608 1008 670 955
598 1030 676 949
610 1040 664 934
626 1001 710 927
547 984 645 991
543 1001 647 980
565 994 616 985
545 983 649 985
610 1071 634 953
603 1029 614 973
583 1060 643 938
611 1048 627 967
641 1150 568 870
642 1136 562 886
656 1125 601 900
661 1132 590 878
621 1139 601 870
595 1096 601 923
628 1137 617 871
649 1083 581 920
637 1074 556 921
651 1063 595 935
596 1082 595 939
576 1100 573 931
577 1077 566 945
622 1076 622 919
603 1080 594 927
629 1074 638 920
515 1013 663 951
627 939 687 971
629 940 683 977
625 957 685 966
614 963 682 956
620 946 671 989
554 973 709 951
553 968 700 960
556 974 705 957
588 1011 678 963
567 993 680 960
590 976 685 955
580 978 669 964
570 981 668 976
577 974 684 958
568 937 711 960
555 950 702 965
557 951 698 971
561 944 695 978
566 955 709 955
557 961 697 967
596 942 707 982
594 959 683 966
581 955 662 978
617 989 664 960
615 976 681 968
607 958 690 960
605 978 658 969
541 990 652 978
521 979 685 978
546 976 682 958
614 991 722 942
593 985 700 953
601 1004 713 947
575 991 707 954
626 979 724 926
582 984 723 936
608 997 729 929
560 1023 694 934
606 986 621 1002
613 979 637 984
570 995 574 1000
590 992 635 976
558 1003 620 994
576 893 656 1013
572 910 658 1002
513 908 682 991
632 884 781 934
560 932 610 1020
672 983 715 929
655 983 708 930
673 993 698 953
645 1021 664 945
621 1005 702 936
639 999 695 935
639 980 645 975
652 1011 643 957
659 993 632 966
685 985 652 959
693 1004 665 953
616 953 674 982
640 957 638 989
646 973 661 957
627 969 657 960
666 960 666 971
662 967 669 964
592 997 582 988
577 1037 594 980
578 1014 587 994
618 1029 555 962
619 1006 548 976
638 1011 577 970
672 1022 610 957
711 994 585 959
650 1020 602 969
649 1043 609 955
652 1000 616 984
564 1017 623 971
593 998 640 973
630 1009 635 969
638 1028 648 963
585 820 806 957
603 850 816 944
664 874 841 908
655 889 835 897
652 890 793 930
649 884 788 933
659 895 785 926
672 901 760 930
692 897 820 892
682 892 801 900
624 958 775 922
680 934 769 929
645 936 757 925
645 953 769 918
644 959 764 911
644 976 776 904
658 942 753 926
620 940 568 1007
594 975 633 987
510 967 607 1007
536 928 646 1013
542 957 667 981
574 964 666 987
605 831 773 957
518 953 703 974
565 928 741 949
568 970 673 974
537 940 731 971
550 928 743 948
604 936 735 942
604 926 736 946
577 939 747 940
567 928 750 947
571 911 748 958
591 924 735 949
580 948 721 956
584 931 719 967
581 957 682 969
609 1040 810 855
610 1017 803 869
595 993 798 879
618 988 801 873
599 1050 809 825
618 1050 795 839
660 962 827 866
654 962 834 857
663 947 840 868
654 968 834 853
656 1031 798 851
540 865 842 922
605 908 882 863
617 933 845 886
625 919 849 863
600 911 859 868
601 889 867 886
577 884 881 868
566 908 867 875
570 891 865 886
558 931 869 875
564 953 866 843
654 957 780 902
623 981 782 908
631 958 780 908
535 977 807 900
539 960 805 911
542 970 823 882
546 953 821 893
652 946 785 900
563 964 769 918
582 968 795 896
593 944 809 889
616 972 802 893
620 955 800 904
617 949 795 907
570 958 807 911
585 994 777 900
598 962 781 922
589 977 775 911
591 974 783 902
576 980 804 879
582 954 820 888
585 974 800 893
581 991 802 882
512 877 858 893
622 839 845 903
620 857 843 898
611 863 831 910
615 846 829 921
605 872 865 897
642 913 812 906
674 937 805 888
654 926 817 891
682 956 818 882
667 930 838 879
664 924 833 882
550 839 806 946
557 832 822 928
505 969 749 931
509 952 747 942
599 867 818 933
591 908 785 928
574 941 805 922
582 918 803 922
555 901 812 911
584 899 805 913
577 906 789 931
586 951 793 907
633 943 781 933
638 899 773 924
621 932 793 918
603 902 783 931
658 940 778 913
575 862 832 915
603 886 833 910
568 869 816 933
573 882 805 923
564 886 818 922
590 882 812 922
540 950 749 942
544 933 747 953
570 934 755 944
580 932 771 935
584 915 769 946
603 826 851 903
587 842 855 910
595 849 853 903
587 840 880 897
552 861 855 899
611 790 860 903
596 772 855 909
602 791 816 945
594 790 853 904
650 827 829 932
646 844 831 921
642 826 866 891
629 820 870 890
621 801 857 896
654 828 860 885
634 817 893 885
647 868 847 890
637 857 850 897
628 843 877 876
624 860 879 865
599 904 585 1022
629 914 603 1004
607 923 598 1016
646 892 572 1000
612 921 555 1013
645 958 596 1004
585 930 629 1011
600 929 601 1007
596 906 643 1004
592 923 645 993
589 913 627 1022
583 919 634 1009
573 952 581 1029
640 959 658 980
633 966 642 998
676 889 656 979
659 918 646 991
652 951 612 986
650 937 652 986
672 935 616 982
653 977 609 998
660 970 625 980
634 900 618 994
636 901 614 1000
622 907 651 995
663 885 620 991
669 861 803 918
613 913 717 970
630 913 724 969
639 917 735 953
608 919 733 953
593 916 725 978
600 909 741 960
647 884 734 957
646 907 741 943
639 907 736 957
643 900 733 964
637 906 740 951
665 910 764 939
662 904 759 942
672 915 756 935
640 893 738 966
636 891 753 949
615 913 771 946
619 896 769 957
626 910 749 951
622 894 711 975
631 906 757 942
693 898 729 939
686 908 723 949
689 914 728 946
685 921 731 939
667 937 659 985
672 948 673 962
621 939 704 962
650 926 711 960
652 937 706 962
656 920 704 973
643 933 695 978
617 920 689 985
635 914 682 984
668 908 706 957
655 910 721 949
664 897 702 973
663 911 700 964
659 927 712 952
676 927 719 951
640 904 712 956
660 904 705 966
668 912 658 979
677 914 672 964
684 908 669 973
664 908 676 963
674 930 675 967
676 931 671 973
683 931 676 959
702 854 594 975
730 892 697 942
713 892 690 943
679 929 613 991
686 922 629 973
697 925 639 964
689 906 626 970
755 901 621 939
742 884 651 948
723 877 643 957
716 932 647 955
706 906 633 969
708 913 634 961
713 899 649 951
715 900 645 957
703 908 691 951
688 919 673 957
691 901 685 955
698 900 677 955
701 906 682 952
696 921 680 955
623 1091 561 927
643 1073 583 935
642 1087 589 919
681 1108 537 888
680 1122 543 872
700 1104 565 880
695 1097 576 902
668 1130 589 866
655 1117 638 867
714 1093 604 894
688 1112 611 874
683 1105 622 896
739 1018 660 935
697 1039 644 923
695 1068 631 910
717 1050 611 923
718 1036 605 939
704 1037 660 924
684 1039 642 927
664 1055 638 931
698 1025 638 939
683 1014 626 942
725 1031 603 909
703 1087 644 904
710 1080 660 886
702 1101 650 888
722 1072 614 892
721 1086 620 876
725 1029 621 921
685 1003 686 938
717 1027 679 920
716 1050 686 906
684 1065 544 917
678 1043 616 931
696 1045 624 924
657 1062 622 949
676 1063 602 916
679 1020 609 945
657 1013 618 951
691 1012 563 951
698 1054 583 931
656 1036 625 937
737 1023 557 915
737 1037 585 906
715 1079 598 910
750 1044 648 900
736 1061 653 906
764 1004 698 887
765 981 691 901
748 981 684 902
756 1000 697 896
753 978 710 922
734 998 689 908
740 1004 673 898
744 1003 680 900
766 995 680 913
762 930 707 916
722 932 726 935
729 915 704 928
696 919 720 942
776 924 670 921
775 947 677 907
737 955 696 937
746 936 690 942
749 926 671 928
759 953 660 933
729 936 683 943
692 996 702 920
709 925 695 946
745 959 697 928
717 955 703 927
736 978 703 923
721 979 700 914
719 1007 693 935
728 984 692 910
720 984 686 949
692 946 583 982
699 939 599 964
691 969 590 968
678 952 620 977
680 954 629 976
734 919 566 943
765 970 664 928
741 990 667 914
758 976 667 919
731 1010 674 914
751 1021 641 914
730 989 664 917
744 1027 631 901
756 1033 613 898
743 1020 662 899
745 1013 625 917
752 1006 641 899
758 1019 640 902
778 987 634 919
712 965 673 955
679 977 636 962
691 983 618 959
697 995 640 944
699 1002 631 953
732 976 640 955
731 999 647 941
687 947 645 958
686 971 633 971
710 1017 592 945
744 988 609 932
738 971 605 937
699 988 603 962
756 1019 585 907
757 1005 579 923
716 863 818 887
679 910 811 897
706 872 798 914
714 891 811 908
692 930 782 906
678 947 793 891
691 953 789 892
679 957 776 915
688 928 797 889
719 916 736 916
704 938 733 936
732 919 717 913
717 944 729 937
680 1075 778 858
672 1056 765 864
683 1061 744 862
685 1062 740 868
687 1045 764 884
694 1074 723 873
659 1068 721 881
658 1116 730 848
681 1079 742 857
657 1130 736 832
648 1101 761 820
678 1064 724 867
673 1115 708 851
693 1097 730 859
735 1003 736 880
748 1019 747 874
755 1023 704 882
741 1040 709 888
703 1030 715 897
739 1029 687 908
711 1049 728 891
677 1078 711 904
679 1050 718 883
694 1049 721 892
682 1046 679 909
724 1069 699 900
674 1052 729 900
703 1064 783 839
712 1052 753 847
724 1053 749 879
725 1030 742 893
728 1020 738 879
722 1073 735 864
718 1070 672 886
702 1085 700 867
736 1072 680 879
736 1045 703 885
737 1066 700 878
738 1052 694 894
744 1064 716 879
702 1074 698 869
695 1078 687 872
674 1092 701 865
703 1071 694 883
701 1080 653 895
689 1088 699 889
696 1081 715 871
709 1094 666 870
675 1099 660 875
708 1073 669 877
628 1017 848 819
645 1022 822 844
620 1047 854 796
770 960 747 883
769 983 754 869
758 1024 766 866
726 1001 789 865
713 997 768 877
750 1005 753 872
742 1001 752 881
698 1002 777 874
706 1027 782 851
699 1022 790 855
684 1019 782 880
663 1002 784 878
676 1000 769 886
677 1087 794 812
675 1076 799 810
667 1097 789 812
657 1105 772 804
679 1098 785 844
708 1009 771 879
704 1016 774 872
643 1011 827 842
677 1035 821 846
675 1018 826 848
682 1023 818 844
671 1035 828 837
649 1024 807 861
665 1051 773 868
669 1035 774 861
659 1057 780 855
662 1035 783 847
663 1021 777 863
685 1034 773 852
673 1028 771 868
695 1039 792 844
659 1019 786 867
649 1038 782 869
658 1042 793 853
708 1007 796 866
689 1017 771 863
682 1022 783 856
687 918 764 910
711 964 756 892
677 977 762 900
672 989 765 902
670 972 770 904
706 960 782 889
708 957 748 913
715 957 753 899
707 980 755 899
704 974 750 902
714 985 747 895
721 955 733 921
682 963 729 926
687 951 726 924
694 976 734 911
703 961 740 922
735 968 720 899
684 1026 693 924
695 1026 714 906
689 1012 717 908
697 1012 692 904
675 1029 722 914
667 1010 709 920
722 1004 760 889
726 1017 739 886
708 1023 746 887
722 1006 735 902
726 998 689 926
707 1006 697 903
727 991 722 899
701 997 703 912
718 997 710 911
704 1007 708 911
735 1026 712 890
736 1003 705 904
694 993 746 904
729 974 746 915
723 983 734 895
736 989 730 896
714 987 722 908
701 981 726 907
666 855 798 921
670 838 796 932
663 847 800 941
659 864 802 930
646 858 806 929
649 864 811 926
628 866 800 930
650 841 804 940
611 877 806 918
624 883 802 919
615 860 804 929
624 847 785 953
706 888 733 935
711 873 735 932
698 869 720 941
673 891 714 961
690 891 721 960
700 868 734 939
703 879 733 937
706 885 738 934
687 862 738 938
669 885 699 971
743 896 733 930
671 835 772 931
639 815 751 961
675 818 775 932
676 795 768 946
657 788 760 955
650 801 749 959
629 785 743 965
664 781 776 937
617 793 789 959
624 792 781 959
632 811 794 953
615 811 787 954
642 824 751 959
644 803 748 959
637 804 756 959
642 822 791 946
719 892 769 923
706 886 773 922
699 881 781 926
703 848 776 923
668 909 806 906
677 894 812 917
695 898 783 915
645 881 813 915
701 898 776 924
692 911 795 900
692 913 770 913
642 896 800 913
673 887 762 939
679 875 769 930
691 862 768 932
688 856 763 935
682 881 774 927
663 858 774 931
681 857 771 935
683 858 767 941
666 887 757 953
674 864 755 953
658 868 744 959
692 839 761 946
666 845 742 959
687 851 764 948
683 868 766 937
634 880 758 947
642 855 708 973
640 874 751 960
653 841 706 971
643 828 710 968
618 892 836 906
622 853 820 911
616 846 822 912
624 864 815 913
635 859 816 912
668 778 870 884
692 800 854 882
676 797 883 878
666 846 848 887
678 860 847 876
694 845 860 878
662 837 817 917
642 783 884 882
660 888 818 899
650 877 821 906
668 907 831 893
682 843 627 975
690 862 640 969
707 833 650 957
725 808 656 950
702 816 774 925
730 787 712 932
722 768 699 938
705 827 773 923
709 810 771 934
695 829 742 932
710 776 745 932
726 820 738 932
683 799 725 954
697 789 736 937
688 787 722 952
715 764 742 930
732 840 737 928
739 844 694 936
746 831 705 932
707 862 731 948
727 852 740 930
747 863 707 930
720 879 701 939
722 873 684 948
711 885 689 951
712 860 688 945
729 860 695 944
769 861 671 926
666 792 771 939
645 717 708 967
653 736 721 961
633 725 754 961
649 769 747 961
636 765 711 973
685 747 765 940
659 813 661 981
686 839 682 966
647 821 707 975
713 816 702 944
667 832 674 975
695 889 678 957
666 828 715 966
682 872 708 966
699 843 718 954
703 866 676 957
702 883 675 966
643 769 668 981
660 845 663 979
665 833 660 977
645 822 693 977
641 763 791 947
649 782 804 941
626 778 798 946
693 766 778 934
689 799 804 934
555 837 664 1022
570 836 636 1018
543 859 616 1040
539 876 618 1029
556 876 586 1031
515 872 654 1022
566 784 597 1024
522 800 623 1031
582 828 590 1024
519 855 652 1033
546 832 672 1011
553 826 669 1020
545 807 656 1026
502 852 683 1013
506 835 681 1024
456 870 678 1011
570 899 663 1000
548 906 694 995
550 888 696 1000
552 889 692 1006
587 912 631 1016
528 910 655 1005
561 925 643 993
540 888 703 987
563 908 667 1009
558 918 713 974
530 931 751 956
534 914 749 967
505 933 732 965
489 904 718 984
477 926 670 1002
473 943 672 991
501 930 634 1009
491 886 720 989
514 950 605 1018
480 874 642 1018
526 928 653 1000
524 927 657 994
500 923 693 987
524 917 658 998
504 906 691 998
628 761 870 891
596 734 796 950
607 771 790 955
589 741 780 968
613 741 750 965
610 800 773 977
606 817 775 966
520 835 778 959
503 864 768 971
523 875 735 971
536 879 756 959
538 861 758 964
470 830 728 998
488 860 738 985
484 877 740 974
523 877 755 962
516 884 739 980
517 805 766 973
559 840 762 978
518 813 729 1006
566 849 742 993
562 866 744 982
547 862 714 996
533 815 702 1020
529 832 704 1009
531 833 700 1015
538 826 716 997
565 804 717 1002
557 785 704 1008
550 786 712 1008
508 709 786 967
491 738 776 979
509 768 786 966
529 763 663 1026
485 779 689 1033
512 756 709 1011
549 757 783 962
545 793 750 1002
552 786 766 984
572 797 733 984
542 764 767 980
589 777 724 995
592 781 737 980
562 764 760 990
569 757 776 972
577 763 732 986
606 748 734 983
563 823 760 989
568 871 791 946
587 889 770 951
580 896 754 969
554 911 741 959
551 881 729 973
582 879 731 973
627 887 742 965
628 746 698 979
609 788 691 995
628 882 601 1006
615 865 631 1015
623 884 644 1009
655 866 607 997
642 842 651 993
622 858 647 997
662 853 618 993
633 861 657 988
619 901 646 998
630 877 660 991
616 890 647 1000
652 868 665 979
650 861 664 987
643 874 653 991
598 903 687 988
634 836 695 979
649 835 667 975
646 878 666 976
632 874 704 975
625 832 684 995
620 844 687 997
632 825 700 977
595 897 682 991
608 884 691 986
606 883 695 980
599 890 679 998
603 873 677 1009
599 880 680 1002
597 879 684 996
606 873 696 984
627 837 703 979
626 857 700 980
614 850 694 984
621 849 686 984
624 855 691 981
600 844 694 987
616 861 689 986
610 866 693 991
619 870 689 984
590 847 603 1018
599 821 638 1015
562 830 680 1004
626 798 658 993
582 814 684 1000
580 803 689 998
638 790 612 999
646 809 625 993
601 769 678 1001
575 886 715 991
585 883 716 979
582 877 711 982
579 869 713 1002
571 860 756 970
569 859 760 964
586 860 709 993
595 864 720 977
619 868 729 971
586 862 729 984
592 857 725 979
612 863 737 975
609 857 732 978
613 840 730 989
596 840 723 990
605 821 717 995
583 820 752 981
579 837 754 970
573 842 758 975
622 844 741 973
620 833 746 971
618 851 744 966
626 828 742 966
629 834 747 963
610 811 747 967
622 792 727 983
623 817 743 968
630 811 740 977
612 814 733 977
521 930 795 924
518 904 813 920
528 923 811 906
513 893 815 917
524 904 796 929
505 884 842 911
525 897 829 902
542 802 826 939
537 792 787 961
507 831 802 949
572 838 825 924
547 813 824 942
555 822 797 948
492 837 823 926
582 794 824 953
570 816 776 971
500 838 786 967
586 879 837 904
587 856 830 918
600 862 826 919
506 926 765 938
537 924 767 938
541 907 765 949
567 908 773 940
521 894 778 958
528 887 794 940
556 911 795 935
517 911 780 947
616 870 787 953
612 887 789 942
588 882 803 924
572 895 791 928
564 888 793 935
553 885 813 931
581 889 787 942
598 840 777 966
566 833 778 960
570 852 793 937
563 859 777 955
840 808 864 737
732 735 752 918
720 743 798 912
716 760 800 901
719 766 805 898
712 724 785 918
727 855 819 872
729 824 789 898
737 819 793 910
729 800 780 916
755 821 765 898
717 832 822 878
713 837 836 883
735 810 798 898
736 787 791 912
761 739 830 848
755 770 834 862
764 761 829 858
771 773 805 866
697 818 817 928
785 802 794 853
776 788 767 894
775 811 774 880
762 813 789 872
768 793 763 882
761 811 946 760
689 871 838 888
761 780 852 844
771 803 849 838
762 812 854 842
778 815 825 846
767 820 851 827
801 846 787 853
783 830 787 874
738 814 849 864
744 826 829 860
745 819 841 860
741 836 848 874
736 842 800 896
743 829 811 892
739 846 813 881
749 857 810 874
745 862 823 869
778 856 847 842
781 837 824 856
759 848 830 847
794 859 818 846
787 847 842 838
780 860 831 842
787 860 805 837
718 829 815 879
729 843 829 876
721 824 816 882
738 862 874 836
740 859 855 860
752 861 861 840
737 853 850 863
760 778 831 847
763 784 836 844
838 836 857 758
778 849 882 799
798 851 899 765
814 832 893 751
773 838 884 796
805 757 861 794
819 804 873 770
824 805 863 771
796 766 866 798
820 829 830 803
829 820 825 799
773 836 861 815
777 831 848 820
782 832 880 810
780 828 854 821
775 827 864 820
817 784 799 830
736 1042 851 812
752 1045 852 778
796 1030 840 786
758 1031 852 752
752 1061 870 767
744 1042 857 773
754 1017 859 757
745 1019 850 787
762 994 855 805
749 1019 870 774
754 1023 848 767
765 1022 841 778
755 1009 842 783
758 1006 846 778
791 1033 845 769
815 967 875 754
789 956 871 763
781 970 881 789
780 984 887 773
765 977 864 774
715 943 907 774
721 956 886 782
730 955 885 777
718 1031 853 782
746 1013 870 786
738 1014 858 791
747 999 864 802
734 1031 860 780
737 1028 864 775
744 957 864 809
741 938 863 814
729 940 876 806
726 943 872 811
759 968 873 801
707 949 879 814
716 940 874 810
725 957 878 795
707 1032 860 771
708 1018 854 787
711 1021 868 777
754 993 892 764
748 985 877 765
752 1002 870 769
726 994 880 773
735 988 876 787
731 1005 878 776
751 994 869 780
813 976 853 759
798 1002 847 765
778 1013 874 760
763 1002 865 768
761 988 859 781
770 996 863 768
791 993 867 750
793 1004 858 782
703 1005 875 792
686 1025 881 812
684 1014 890 780
720 996 898 799
707 1016 879 776
704 1003 881 784
712 977 885 805
710 973 886 805
733 1016 869 808
704 1017 856 792
725 997 856 814
864 955 827 740
849 962 827 748
776 993 800 820
761 989 808 815
750 1023 803 825
752 1027 802 825
667 1072 825 784
664 1032 868 772
687 1002 874 826
682 992 841 827
690 988 840 830
663 998 848 830
679 1007 828 825
711 1006 838 833
692 989 836 836
668 1009 846 833
776 991 825 807
771 1003 828 809
758 1035 824 787
761 1032 828 782
770 1017 834 793
749 1053 827 798
757 1020 833 815
763 1018 815 789
686 1068 853 776
687 1054 847 792
690 1051 851 787
707 1043 838 796
714 1049 838 772
689 1065 838 824
715 1017 842 817
710 1029 845 819
727 1061 811 795
711 1058 811 799
714 1055 815 794
705 1068 839 790
701 1054 815 797
681 1046 825 830
728 1047 805 811
728 1023 838 818
700 1024 826 827
720 1052 831 780
782 928 836 805
773 953 870 797
781 954 863 800
734 979 825 825
732 980 833 818
739 990 823 828
687 951 804 875
748 976 857 816
728 954 863 843
719 969 857 832
715 986 859 821
726 974 849 828
740 957 844 822
732 966 858 810
719 960 862 809
716 963 858 814
710 975 861 818
701 901 855 866
697 918 857 855
694 933 844 853
672 992 844 844
693 956 851 839
689 973 853 828
711 901 846 870
729 931 856 857
714 907 851 867
715 950 842 855
721 912 843 863
760 960 835 813
752 971 843 811
771 949 844 808
747 997 821 821
734 995 843 814
747 983 846 813
749 1001 820 821
775 1014 826 814
713 1069 802 831
730 1057 799 806
726 1075 798 832
727 1052 791 846
719 1033 778 852
731 1063 795 830
741 1049 761 848
694 1050 803 812
723 1049 816 828
728 1037 813 826
708 1059 763 853
718 1070 760 846
763 986 817 817
729 1000 831 832
732 1009 811 827
736 992 809 838
735 1006 815 822
738 1009 804 836
742 1020 808 820
737 1023 810 820
724 1026 809 842
747 999 796 834
747 1015 814 823
756 1003 784 831
731 994 820 855
687 1002 812 837
709 1002 804 852
703 1008 811 839
692 1013 810 840
696 996 808 851
769 1023 814 794
750 1039 821 814
760 1046 815 819
762 1018 822 798
775 1038 793 807
770 1037 803 806
759 1010 779 829
769 1033 746 843
768 1015 754 853
738 1025 754 857
719 1047 753 860
712 1042 761 864
742 1036 758 841
768 1004 780 863
755 998 784 862
771 1019 778 830
721 1027 767 875
744 1007 771 854
731 996 795 868
752 1041 777 833
765 1047 773 834
766 1024 766 848
772 1030 750 838
710 979 797 866
795 953 808 815
790 974 814 822
773 992 777 861
770 976 787 842
769 990 793 826
713 964 810 868
723 975 807 861
719 964 803 877
742 953 808 858
753 935 820 864
787 952 815 812
757 946 824 848
778 971 833 843
743 973 821 839
749 972 820 827
752 958 827 850
770 952 820 849
764 982 794 829
756 984 797 825
750 978 813 835
772 980 821 823
799 905 874 790
824 954 851 758
789 938 821 810
795 960 847 772
812 968 852 770
795 976 865 761
811 982 858 754
820 944 816 804
780 943 840 822
787 948 832 818
776 960 842 811
779 957 846 806
746 932 863 815
730 926 870 822
733 926 867 814
776 924 825 845
775 942 850 821
787 932 814 829
791 927 801 834
813 1001 785 815
780 980 796 819
776 975 807 818
788 1026 774 836
815 992 767 841
789 1013 771 829
789 1011 796 816
788 1025 802 800
791 984 784 842
783 1037 805 802
784 1023 799 818
785 1000 792 832
789 995 778 827
799 1018 790 821
793 1000 767 828
813 1015 760 823
820 971 853 747
839 971 839 761
831 970 846 758
822 982 844 779
828 980 826 753
838 985 845 745
823 968 838 795
815 997 831 757
826 996 824 768
835 986 822 761
825 1010 830 752
809 1007 859 748
810 993 853 764
833 991 824 756
797 1016 834 802
789 997 821 808
805 1007 839 761
822 1006 811 772
797 957 834 804
813 1019 835 768
794 974 834 809
807 1003 803 797
817 1008 822 789
818 994 816 805
794 990 852 798
786 971 839 804
855 974 810 765
836 972 816 777
835 1002 815 788
836 988 809 804
852 991 810 770
814 978 778 829
786 955 821 815
808 973 779 824
803 961 810 813
800 964 806 818
810 977 805 813
802 975 797 850
799 946 814 828
811 952 796 825
806 966 788 815
804 947 804 829
817 940 807 827
856 822 794 774
859 854 790 790
852 835 802 773
861 826 797 769
836 832 801 807
890 933 768 742
880 920 769 747
891 919 762 758
884 903 767 758
875 912 772 762
878 902 792 767
883 914 780 725
876 927 803 724
871 855 819 713
875 905 807 719
874 884 802 735
875 873 809 745
874 887 815 729
879 888 805 730
893 851 809 717
891 915 743 766
888 828 766 744
827 828 713 850
839 969 724 829
831 939 752 842
856 940 734 817
863 945 724 812
854 957 722 833
855 943 716 849
850 923 730 822
829 956 728 826
873 853 735 805
835 961 694 841
836 968 704 834
833 951 716 836
818 858 758 854
841 847 763 835
831 880 752 844
837 892 732 840
839 899 723 849
851 891 677 855
856 876 697 820
859 893 685 818
813 904 819 805
874 946 815 727
867 936 808 728
865 965 798 752
845 934 793 774
875 941 790 761
875 916 791 754
859 913 790 788
858 927 796 772
842 927 791 780
877 916 798 751
840 933 803 773
852 948 828 761
858 949 803 752
836 947 817 770
839 930 817 765
833 897 813 790
862 899 821 763
841 919 797 789
867 940 827 720
870 926 828 733
883 917 754 795
870 918 747 788
861 925 754 782
869 932 753 772
882 931 760 779
827 998 749 838
817 960 755 828
824 976 750 828
817 964 774 820
822 969 759 819
836 929 809 806
842 930 784 797
849 946 779 797
844 948 780 811
843 962 786 795
857 963 790 789
856 977 796 773
861 978 786 774
834 925 783 817
817 936 788 835
819 952 771 821
850 928 754 821
841 944 771 834
811 956 779 819
843 916 778 813
819 908 795 814
826 924 790 814
830 953 758 826
818 922 782 851
818 881 790 817
825 900 778 834
815 893 799 829
807 876 788 837
800 871 798 842
827 872 785 813
860 992 773 811
851 962 834 745
853 977 823 733
832 973 832 766
819 956 862 775
833 959 826 782
837 974 822 767
767 858 910 786
764 883 904 767
780 876 921 782
785 874 910 765
809 896 862 777
804 898 863 791
802 880 867 777
794 875 866 797
803 866 861 793
814 857 892 758
798 835 881 776
806 830 885 788
783 902 903 786
796 879 892 786
780 878 881 795
783 861 881 790
797 908 887 758
788 905 888 765
798 894 881 774
793 893 891 773
802 877 874 760
805 884 876 754
789 880 879 777
812 882 893 752
796 906 881 768
747 940 864 804
763 940 871 802
766 937 875 797
768 923 862 804
762 925 880 830
748 878 868 854
755 883 860 850
754 906 867 836
744 895 870 843
752 904 843 849
733 901 883 807
771 886 861 816
764 881 869 820
773 861 860 822
794 911 883 763
803 912 869 775
796 922 874 795
778 928 881 796
770 909 868 802
782 930 869 772
791 929 868 767
783 926 870 779
812 925 845 799
805 909 850 799
802 912 846 804
794 931 852 800
792 927 826 811
786 912 839 806
810 921 819 810
761 895 838 845
806 895 844 815
801 894 854 814
804 923 837 836
780 884 840 824
776 901 842 813
788 879 844 836
804 882 845 802
786 858 855 805
790 851 851 815
785 850 861 814
789 865 857 799
768 916 897 761
776 917 890 764
786 930 889 759
779 914 894 759
759 928 895 782
770 927 888 793
764 897 887 809
772 884 867 808
763 911 893 793
760 914 889 798
780 903 880 802
746 905 904 795
796 946 841 788
877 848 838 713
810 862 819 812
814 849 811 813
827 848 818 820
823 819 869 755
820 822 865 760
828 831 838 766
812 853 866 769
822 876 863 763
821 844 861 765
838 852 875 747
822 833 856 792
863 885 834 726
859 870 838 741
851 869 845 738
861 845 837 747
844 853 850 738
819 853 814 808
828 834 831 783
835 850 826 783
825 837 827 788
826 881 838 767
830 868 830 768
843 867 837 775
846 896 820 797
845 910 826 781
833 900 826 784
838 901 816 785
834 918 818 774
837 915 822 769
822 898 845 781
820 926 838 802
819 912 814 806
820 942 856 791
820 885 816 806
848 930 838 729
853 912 834 744
861 913 827 747
861 929 845 736
870 901 829 726
821 928 869 754
820 901 864 757
838 895 857 756
819 915 870 741
821 912 851 765
847 882 833 760
842 881 843 759
843 899 835 749
854 898 828 760
836 945 857 757
837 934 862 747
838 920 856 763
837 909 863 740
828 928 846 765
828 944 864 754
719 849 817 876
792 911 778 860
785 899 802 852
779 889 784 870
768 907 814 853
775 894 783 860
761 891 819 853
758 894 815 858
769 882 805 865
762 877 813 869
783 900 788 854
777 880 789 858
802 878 789 851
799 874 780 874
719 867 837 867
736 859 825 866
728 866 836 862
744 885 830 855
757 876 823 868
755 885 820 863
760 870 822 860
774 869 767 875
761 865 794 873
769 866 787 876
778 857 782 872
713 928 793 902
766 821 714 914
778 851 731 892
753 873 725 912
773 863 734 894
774 840 727 908
785 869 758 880
710 835 787 919
730 856 753 915
734 839 751 926
756 853 767 896
708 833 778 920
749 811 747 916
716 852 791 914
715 825 802 894
733 862 758 912
703 846 816 910
693 835 819 917
696 841 824 914
715 884 844 881
710 888 836 890
711 865 829 904
679 866 819 896
751 915 746 924
766 880 756 901
748 886 763 902
749 904 755 892
752 910 760 889
753 887 753 903
747 909 770 888
743 914 783 883
765 903 763 887
772 897 760 896
727 911 782 917
727 868 830 870
743 899 812 872
760 905 806 890
731 869 795 894
752 886 793 896
724 882 799 895
728 906 796 882
735 911 788 878
739 888 808 888
729 869 761 905
753 863 786 910
739 882 757 908
701 1001 819 841
676 884 829 893
776 908 807 856
738 911 815 874
745 916 807 870
757 948 799 861
771 929 813 863
743 930 801 872
734 918 818 867
725 924 806 879
735 905 810 877
781 916 804 841
778 912 791 856
710 971 786 873
717 947 808 879
724 952 800 875
709 928 795 885
699 923 798 888
701 934 793 890
691 934 802 886
685 888 840 877
708 908 822 875
675 907 836 879
701 903 830 879
764 932 716 915
755 926 750 908
762 941 734 889
750 938 753 910
772 921 727 889
753 943 726 892
750 949 727 900
763 955 723 901
748 958 739 895
754 964 723 885
751 967 719 890
770 949 720 910
771 947 729 876
742 937 790 869
758 922 782 874
745 918 767 883
773 922 776 881
759 917 754 887
767 934 765 879
771 929 751 874
771 939 752 865
775 934 740 875
726 934 789 903
727 963 755 883
733 963 748 892
741 951 772 886
724 954 775 888
746 945 756 903
726 945 763 893
738 951 745 890
731 946 753 894
733 932 759 892
748 956 764 882
761 962 760 883
745 977 747 881
815 988 748 849
808 950 747 861
814 967 751 856
807 973 754 847
781 952 748 868
813 945 759 843
774 971 751 867
787 991 722 876
780 1023 711 863
781 1017 731 862
794 1010 712 845
797 996 741 868
780 996 734 869
782 1014 699 868
767 992 713 881
763 1025 724 881
750 1021 703 893
769 997 729 877
782 1003 725 878
783 980 718 892
764 1002 717 895
785 1043 682 890
783 1036 691 881
777 1024 669 896
780 951 735 870
781 973 727 883
778 951 728 873
789 950 700 877
775 961 705 898
783 966 690 901
827 984 721 847
810 1013 711 859
810 1009 692 867
828 966 696 871
821 972 699 862
803 994 723 842
829 991 712 856
778 1001 662 910
794 995 679 884
811 995 686 883
802 1014 692 878
795 972 672 898
781 991 643 896
816 974 742 865
808 955 729 871
734 1020 802 859
741 1024 759 867
726 1025 756 858
766 952 790 855
771 945 769 863
795 933 777 870
784 951 765 864
794 956 784 856
792 970 778 858
780 1007 761 842
775 995 776 854
790 987 754 842
773 1016 744 854
780 1021 736 850
788 1015 747 863
771 1044 737 875
755 1000 759 875
760 972 806 852
751 991 812 847
755 984 809 854
745 979 790 862
737 968 774 875
769 981 773 877
745 993 765 870
742 1022 783 833
753 1004 795 839
746 1009 779 832
756 1013 775 834
744 993 796 846
743 997 801 834
788 895 645 912
818 897 653 882
801 926 643 894
807 943 647 889
820 960 617 880
833 934 673 851
820 921 722 852
811 890 701 873
832 857 703 869
817 934 730 848
809 932 722 885
797 926 740 888
822 949 692 876
809 918 694 894
812 922 703 871
834 920 667 867
817 920 702 857
793 944 702 874
804 903 732 866
831 880 710 855
763 907 700 930
756 913 703 921
768 884 678 912
771 909 708 893
790 884 720 908
793 874 701 894
776 903 691 906
789 907 727 894
792 947 684 906
795 951 693 883
785 938 697 880
786 832 681 914
795 822 741 880
816 939 758 835
799 898 747 867
785 928 758 878
814 870 743 857
798 923 758 856
797 891 756 858
