949 881 591
946 880 653
903 912 854
904 905 846
908 927 816
912 949 791
925 923 779
915 932 791
908 884 834
909 920 808
912 906 809
911 913 817
913 897 800
900 883 871
913 838 828
909 875 825
917 860 803
914 831 820
897 792 875
941 969 641
936 954 679
942 959 678
937 944 716
933 967 724
938 878 736
934 915 733
933 922 741
917 876 788
924 930 787
921 839 791
928 952 762
700 1202 708
721 1184 763
755 1181 782
787 1162 790
784 1180 795
782 1183 734
779 1201 739
796 1182 679
816 1180 753
823 1152 770
799 1132 813
764 1096 882
715 1115 847
744 1114 860
773 1132 823
752 1141 825
802 1131 836
807 1144 812
778 1111 879
794 1114 850
805 1113 831
710 1064 899
746 1062 900
766 1044 922
722 1042 943
815 1047 886
783 1041 914
780 1059 919
781 1030 923
803 1023 936
901 1061 777
900 1068 785
882 1090 785
886 1053 788
826 1115 804
825 1122 812
841 1098 824
855 1113 821
821 1159 809
890 892 883
866 888 919
867 881 911
848 894 926
868 877 899
843 882 927
874 867 894
887 866 901
863 862 937
850 863 930
873 788 911
870 790 906
866 1087 814
843 1073 853
842 1067 857
870 1050 817
884 1065 814
885 1058 806
858 1070 828
860 1069 816
859 1076 824
844 1066 845
889 1021 809
843 1030 871
876 1021 869
847 1023 852
846 1030 860
881 977 864
854 994 873
855 965 877
862 1006 872
849 971 892
848 978 900
880 984 872
860 977 876
846 987 878
800 982 941
813 1002 912
814 973 916
806 980 943
816 1033 880
844 1015 897
835 1029 908
813 1036 895
820 952 933
823 957 917
817 970 938
838 986 915
891 885 875
841 974 902
864 938 919
840 934 955
821 938 927
818 941 942
855 963 889
886 929 880
842 911 923
885 934 854
877 958 890
845 952 918
839 1110 850
825 1095 853
621 807 1050
620 821 1056
652 886 1028
686 857 1045
692 836 1025
690 825 1034
689 854 1030
689 839 1040
688 868 1036
684 885 1038
685 871 1032
687 882 1023
654 897 1019
651 900 1015
650 914 1021
699 877 1016
745 1006 960
756 996 955
754 985 964
757 982 949
743 995 969
812 710 979
811 739 975
773 741 1005
860 771 941
833 769 972
829 786 974
828 815 970
780 906 988
837 843 959
850 842 966
841 867 936
796 912 958
824 890 962
786 891 960
785 905 966
783 903 973
783 894 975
805 887 988
806 858 992
809 855 977
808 869 983
784 889 986
789 843 995
810 841 990
819 878 963
818 907 959
745 899 999
745 859 1021
747 856 1016
749 842 1019
746 885 1012
748 881 994
747 870 1012
749 867 1007
750 853 1001
751 838 1001
758 879 992
762 862 990
790 814 999
794 797 997
752 824 1014
750 813 1023
753 810 1008
706 791 1026
728 786 1027
784 831 996
768 787 1003
772 770 1001
676 988 976
696 968 988
674 977 985
722 929 990
720 933 1008
719 947 995
716 950 1010
718 961 1001
722 920 992
723 915 1003
744 913 1005
721 904 1012
742 902 1014
782 917 979
779 935 984
781 932 979
755 922 985
720 1031 952
742 1024 965
774 1030 937
752 1037 924
801 953 945
780 946 966
777 949 981
803 939 948
775 1001 941
776 978 977
779 960 972
782 967 944
781 996 940
784 953 947
780 1099 853
818 1052 870
817 1078 867
828 1052 860
795 1085 854
801 1075 896
812 1065 891
781 1093 874
782 1079 868
779 1082 883
927 1015 741
913 1000 744
911 1012 770
914 1016 734
908 1044 749
918 1044 660
928 1011 729
910 1042 743
932 1033 704
919 1034 697
929 1004 721
918 1018 707
907 1013 760
920 967 784
923 996 767
924 989 759
906 1020 768
845 1179 766
863 1157 766
860 1131 784
846 1116 787
895 1090 725
917 1081 686
909 1105 722
891 1127 722
890 1134 730
906 1079 740
914 1055 704
913 1062 712
902 1057 765
905 1086 748
891 1071 751
887 1108 748
907 931 828
888 960 836
902 975 833
903 968 825
889 978 827
888 985 835
910 976 796
911 969 788
907 950 814
904 964 813
886 950 844
899 949 851
885 959 853
882 973 852
898 976 823
908 986 788
864 1150 758
905 1024 780
884 1022 832
859 1044 831
881 1039 832
856 1050 842
867 1024 835
840 1047 871
886 995 827
902 998 798
901 1005 806
907 993 796
885 1002 835
897 1042 803
838 1136 783
848 1136 773
849 1142 769
866 1114 773
867 1107 765
868 1113 761
864 1094 787
863 1088 791
817 1083 854
818 1054 858
