1188 1126 1197
1224 1301 1046
1228 1278 1038
1219 1299 1064
1187 1316 1182
1190 1283 1173
1193 1309 1155
1188 1309 1174
1197 1307 1170
1185 1326 1174
1211 1255 1119
1211 1301 1106
1214 1284 1102
1210 1262 1127
1206 1299 1124
1216 1257 1101
1215 1264 1109
1219 1286 1084
1204 1355 1127
1205 1351 1115
1206 1344 1107
1201 1329 1145
1200 1336 1153
1210 1321 1099
1209 1328 1107
1215 1323 1081
1214 1330 1089
1209 1373 1090
1213 1347 1081
1214 1343 1069
1154 1294 1236
1155 1272 1241
1176 1289 1237
1173 1198 1241
1178 1200 1223
1190 1237 1186
1181 1226 1205
1186 1215 1211
1191 1217 1193
1180 1308 1211
1185 1281 1191
1184 1290 1200
1181 1304 1199
1189 1244 1194
1194 1246 1176
1212 1173 1113
1199 1218 1156
1204 1172 1150
1205 1165 1142
1203 1240 1131
1202 1247 1139
1225 1249 1055
1224 1256 1063
981 1283 1375
988 1287 1365
990 1298 1356
983 1294 1366
987 1316 1361
991 1304 1353
973 1308 1374
1011 1296 1358
1009 1285 1367
974 1294 1368
977 1291 1372
985 1266 1373
975 1280 1381
1013 1268 1365
943 1353 1341
963 1351 1341
983 1333 1363
1041 1247 1350
1032 1232 1369
1034 1243 1360
1039 1236 1359
1036 1215 1367
1045 1239 1353
1012 1242 1374
1016 1250 1360
1014 1239 1369
1004 1214 1380
1016 1225 1372
1038 1265 1355
1014 1253 1365
1020 1171 1374
1017 1196 1376
1012 1203 1377
1039 1197 1362
1048 1173 1366
1037 1186 1371
1044 1190 1368
1014 1175 1384
1004 1189 1392
1006 1200 1383
1018 1163 1376
1017 1157 1379
1007 1171 1387
1010 1192 1386
978 1198 1391
953 1240 1398
949 1218 1403
927 1249 1397
924 1252 1393
984 1240 1382
1001 1232 1385
1000 1246 1372
1003 1243 1376
1002 1217 1385
955 1251 1389
975 1241 1384
973 1230 1393
974 1215 1393
976 1212 1388
978 1262 1376
999 1260 1378
971 1258 1386
917 1279 1386
951 1268 1391
923 1266 1399
859 1184 1429
952 1175 1410
954 1147 1417
941 1165 1421
942 1151 1415
957 1144 1402
979 1169 1395
956 1158 1408
954 1172 1405
976 1187 1400
1004 1150 1395
1000 1167 1397
893 1173 1434
896 1170 1419
943 1215 1409
953 1201 1401
951 1190 1410
928 1220 1401
916 1199 1411
915 1213 1417
892 1187 1421
925 1238 1406
884 1134 1439
894 1159 1428
901 1144 1424
836 1076 1441
828 1105 1451
896 1064 1430
879 1054 1445
888 1093 1440
944 1122 1428
945 1108 1422
910 1133 1423
920 1041 1434
1078 1079 1349
1047 1094 1382
1049 1105 1373
1050 1091 1367
1074 1096 1351
957 1129 1412
962 1118 1407
1044 1151 1371
1046 1123 1378
1049 1144 1370
1042 1140 1380
1022 1146 1374
1021 1142 1378
1029 1141 1373
1005 1136 1389
1002 1139 1404
1005 1121 1399
1015 1146 1388
989 1077 1406
1006 1107 1393
986 1095 1411
1025 1067 1386
1079 1198 1338
1064 1217 1359
1067 1199 1354
1065 1188 1363
1068 1185 1348
1077 1187 1347
1107 1200 1330
1083 1220 1333
1060 1234 1361
1063 1231 1346
1062 1245 1352
1077 1224 1343
1047 1250 1344
1109 1172 1337
1088 1116 1345
1055 1147 1364
1083 1162 1343
1081 1170 1345
1087 1145 1341
1108 1186 1324
1105 1189 1339
1119 1101 1312
997 1371 1338
1001 1354 1336
1003 1340 1333
999 1382 1329
1000 1368 1323
1021 1368 1317
1010 1378 1322
1024 1368 1311
1036 1279 1352
1034 1282 1357
1049 1300 1332
1038 1290 1343
1036 1293 1348
1035 1308 1348
1061 1327 1316
1033 1336 1341
1046 1343 1325
1046 1318 1337
1048 1315 1332
1044 1332 1334
1055 1329 1314
1051 1332 1320
1031 1325 1350
1034 1322 1335
1063 1338 1307
1060 1356 1312
1062 1353 1307
1064 1339 1304
1068 1336 1298
1043 1361 1330
985 1344 1354
986 1330 1348
1085 1324 1295
1094 1310 1324
1093 1333 1288
1087 1335 1286
1099 1328 1287
1088 1324 1289
1107 1317 1308
1118 1314 1288
1115 1288 1298
1122 1282 1277
1119 1285 1292
1132 1308 1263
1073 1241 1345
1095 1281 1328
1098 1278 1313
1097 1292 1319
1061 1279 1330
1072 1270 1341
1073 1254 1332
1099 1264 1326
1078 1266 1331
1079 1237 1335
1080 1241 1331
1075 1252 1336
1044 1268 1349
1051 1272 1339
1047 1289 1341
1054 1289 1327
1074 1328 1302
1073 1315 1310
1072 1317 1311
1136 1174 1306
1141 1176 1288
1149 1194 1277
1142 1213 1274
1125 1196 1309
1146 1196 1272
1139 1292 1262
1135 1267 1274
1133 1271 1272
1131 1268 1277
1123 1268 1290
1126 1266 1295
1139 1265 1302
1144 1283 1265
1104 1218 1335
1118 1209 1310
1117 1225 1319
1117 1238 1306
1104 1226 1312
1163 1269 1266
1141 1242 1270
1150 1270 1259
979 1584 1109
1008 1583 1122
1078 1517 1173
1088 1542 1162
1075 1535 1178
1090 1572 1128
1069 1577 1114
1042 1580 1141
1028 1565 1144
1051 1563 1148
1054 1545 1143
1076 1557 1131
1099 1555 1135
1046 1516 1185
1030 1544 1161
1032 1555 1152
1065 1544 1158
1054 1540 1164
1052 1537 1174
1061 1520 1181
1060 1531 1182
1131 1570 1024
1125 1576 994
1134 1547 1040
1150 1541 1016
1149 1548 1024
1131 1554 1067
1132 1547 1059
1130 1556 1076
1148 1534 1076
1159 1524 1023
1158 1531 1031
1177 1502 1023
935 1644 972
956 1626 1027
1014 1643 1003
1038 1615 1033
1046 1619 1032
990 1623 1046
1003 1604 1066
1022 1604 1054
1019 1622 1059
1037 1601 1085
1031 1624 943
1051 1622 1017
1017 1625 998
1107 1582 1037
1113 1576 1067
1104 1593 1060
1080 1621 1030
1067 1614 1046
1083 1598 1046
1070 1591 1062
1098 1599 1030
1066 1600 1098
1069 1582 1093
1056 1601 1073
1092 1505 1165
1117 1549 1092
1112 1562 1119
1157 1517 1083
1103 1579 1112
1154 1528 1106
1130 1540 1119
1116 1553 1083
1102 1532 1151
1115 1539 1135
1113 1536 1145
1122 1519 1152
1136 1534 1149
1140 1513 1109
1163 1511 1113
1143 1490 1125
1177 1408 1171
1174 1382 1189
1180 1370 1179
1188 1352 1156
1188 1361 1151
1178 1401 1163
1196 1373 1150
1179 1397 1151
1183 1396 1161
1184 1389 1153
1168 1395 1177
1131 1321 1272
1137 1317 1262
1131 1334 1259
1179 1315 1219
1183 1353 1179
1167 1355 1191
1164 1314 1235
1161 1337 1219
1162 1353 1209
1175 1352 1216
1161 1362 1218
1184 1333 1182
1185 1335 1169
1121 1355 1283
1119 1359 1257
1131 1368 1242
1132 1366 1241
1153 1361 1255
1147 1367 1225
1158 1379 1218
1133 1379 1233
1130 1397 1238
1119 1407 1243
1120 1406 1218
1110 1383 1251
1024 1444 1268
1050 1424 1267
1033 1427 1275
1056 1422 1269
1058 1433 1260
1047 1442 1272
1036 1404 1291
1048 1413 1276
1037 1417 1283
1041 1413 1290
1070 1406 1289
1067 1412 1264
1068 1410 1263
1058 1370 1309
1061 1367 1294
1073 1363 1296
1067 1365 1294
1060 1381 1300
1057 1399 1305
1029 1377 1310
1035 1406 1292
1087 1353 1285
1084 1353 1291
1111 1398 1250
1080 1419 1248
1069 1423 1255
1092 1387 1272
1102 1412 1261
1089 1405 1277
1098 1391 1266
1078 1377 1279
1100 1360 1269
1105 1369 1268
1099 1362 1270
1094 1359 1279
1092 1362 1284
1090 1376 1281
1019 1420 1277
944 1434 1279
1014 1419 1279
966 1427 1292
999 1422 1277
989 1425 1296
964 1416 1301
987 1414 1305
1023 1379 1308
1012 1389 1313
1009 1407 1318
1099 1498 1170
1079 1503 1167
1076 1506 1182
1110 1460 1194
1109 1489 1190
1114 1464 1193
1110 1456 1206
1012 1471 1239
1045 1494 1232
1035 1469 1243
1046 1465 1236
1031 1479 1235
1048 1476 1227
1049 1461 1223
1022 1496 1228
1055 1451 1265
1010 1460 1248
1033 1458 1252
1004 1462 1246
1034 1456 1251
1106 1493 1203
1064 1497 1197
1069 1514 1189
1061 1497 1203
1077 1504 1181
1050 1506 1193
1072 1491 1205
1098 1499 1195
1083 1495 1199
1002 1514 1206
1038 1499 1199
1000 1503 1215
1011 1497 1213
1003 1500 1200
1098 1451 1209
1097 1454 1208
1096 1468 1214
1093 1486 1219
1095 1455 1222
1079 1471 1222
1094 1457 1223
1084 1461 1220
1071 1454 1236
1070 1488 1215
1082 1448 1238
1079 1448 1244
1082 1430 1239
1094 1423 1240
1068 1458 1249
1083 1419 1242
1116 1450 1236
1182 1426 1134
1152 1450 1154
1143 1454 1159
1151 1448 1167
1159 1430 1171
1173 1445 1168
1167 1451 1138
1152 1473 1132
1166 1488 1129
1149 1473 1138
1156 1468 1130
1122 1496 1174
1125 1496 1168
1103 1503 1155
1114 1507 1153
1140 1497 1152
1139 1491 1156
1141 1490 1144
1146 1404 1216
1143 1427 1200
1157 1442 1197
1135 1415 1201
1143 1404 1222
1135 1410 1214
1161 1405 1200
1162 1398 1192
1162 1407 1187
1134 1365 1227
1111 1480 1176
1136 1447 1183
1134 1444 1193
1120 1463 1183
1126 1459 1177
1132 1453 1207
1112 1471 1185
1139 1443 1170
1137 1471 1170
1185 1478 987
1166 1493 1026
1194 1447 1025
1199 1399 1132
1183 1419 1126
1186 1400 1125
1189 1416 1111
1192 1442 1093
1186 1445 1108
1195 1437 1062
1200 1439 1044
1193 1435 1085
1194 1421 1072
1204 1417 1095
1205 1410 1087
1196 1420 1070
1208 1436 1069
1181 1489 1113
1170 1451 1132
1189 1465 1077
1190 1458 1069
1178 1463 1131
1167 1474 1116
1182 1482 1105
1201 1388 1112
1200 1392 1124
1191 1402 1107
1185 1384 1135
1184 1398 1148
1240 1215 913
1237 1214 975
1229 1212 1058
1232 1303 963
1227 1301 981
1227 1288 1001
1233 1293 1000
1211 1392 1024
1223 1367 1026
1218 1365 1044
1219 1345 1051
1220 1338 1043
1217 1375 1007
1218 1349 1063
