1461 2352
1476 2351
1518 2349
1554 2340
1533 2345
1561 2336
1586 2328
1567 2330
1596 2326
1609 2316
1602 2320
1963 1583
1961 1650
1962 1646
1960 1663
1959 1664
1950 1734
1951 1724
1942 1741
1949 1738
1941 1742
1952 1711
1922 1842
1921 1849
1940 1799
1927 1812
1924 1819
1934 1807
1926 1814
1838 2068
1830 2092
1835 2078
1817 2100
1839 2065
1812 2114
1816 2107
1876 1971
1873 1986
1870 1990
1853 2028
1847 2041
1843 2054
1848 2034
1840 2058
1860 2024
1867 1998
1861 2013
1869 1997
1866 2012
1917 1875
1919 1867
1912 1876
1910 1882
1905 1883
1882 1957
1877 1964
1890 1943
1888 1951
1889 1948
1904 1888
1902 1891
1895 1942
1897 1924
1896 1931
1899 1916
1900 1909
1898 1917
1732 2234
1739 2230
1745 2224
1721 2236
1718 2247
1772 2185
1763 2202
1764 2195
1751 2205
1780 2173
1752 2203
1779 2180
1798 2151
1802 2138
1807 2134
1811 2121
1784 2160
1791 2156
1619 2309
1639 2299
1634 2308
1649 2297
1656 2293
1662 2287
1681 2285
1694 2275
1687 2279
1705 2257
1712 2253
