1846 1602 1862
1853 1609 1849
1861 1605 1838
1831 1512 1873
1814 1515 1896
1830 1620 1871
1831 1516 1871
1903 1871 1622
1905 1850 1629
1905 1865 1618
1906 1848 1638
1918 1864 1625
1905 1872 1595
1911 1869 1582
1910 1871 1580
1910 1867 1600
1922 1842 1614
1921 1849 1622
1926 1805 1617
1924 1819 1574
1928 1793 1600
1933 1795 1582
1928 1777 1619
1903 1863 1641
1951 1724 1501
1949 1738 1491
1944 1736 1509
1948 1692 1559
1947 1699 1545
1946 1706 1553
1945 1710 1565
1943 1721 1556
1930 1776 1605
1935 1778 1587
1937 1773 1571
1936 1780 1579
1931 1778 1597
1934 1754 1594
1938 1763 1584
1939 1756 1576
1932 1771 1589
1941 1736 1574
1950 1728 1528
1952 1711 1533
1944 1720 1530
1942 1732 1547
1929 1773 1607
1933 1761 1602
1919 1867 1549
1926 1810 1509
1934 1807 1534
1927 1812 1491
1926 1814 1489
1940 1799 1553
1927 1803 1563
1935 1797 1571
1958 1553 1506
1953 1648 1554
1955 1583 1523
1950 1619 1571
1949 1626 1579
1948 1630 1591
1947 1631 1563
1945 1663 1576
1944 1667 1588
1946 1647 1586
1951 1662 1548
1949 1685 1551
1942 1741 1419
1954 1540 1546
1958 1565 1502
1957 1569 1529
1963 1583 1465
1961 1650 1471
1962 1584 1491
1954 1649 1503
1955 1633 1480
1954 1644 1527
1956 1632 1508
1953 1654 1490
1957 1628 1496
1958 1621 1488
1959 1596 1483
1962 1646 1444
1953 1656 1467
1959 1664 1465
1960 1663 1439
1955 1645 1476
1941 1742 1445
1950 1734 1464
1923 1734 1652
1926 1760 1634
1921 1784 1651
1923 1779 1635
1923 1775 1637
1922 1786 1643
1925 1762 1640
1918 1823 1640
1919 1801 1646
1920 1806 1645
1928 1736 1634
1924 1771 1625
1931 1762 1616
1927 1753 1626
1932 1755 1608
1943 1618 1603
1935 1737 1602
1936 1734 1592
1943 1719 1579
1938 1717 1597
1937 1714 1599
1930 1735 1620
1932 1712 1617
1936 1718 1611
1939 1700 1605
1934 1698 1623
1931 1716 1629
1940 1693 1597
1935 1691 1615
1940 1689 1599
1941 1691 1591
1942 1684 1583
1940 1648 1614
1937 1663 1617
1938 1662 1608
1943 1674 1596
1945 1604 1609
1922 1732 1660
1918 1713 1686
1925 1717 1657
1924 1712 1658
1923 1715 1668
1921 1739 1668
1920 1749 1655
1919 1757 1660
1919 1756 1663
1924 1769 1648
1916 1772 1663
1930 1719 1639
1929 1714 1640
1926 1741 1650
1927 1734 1642
1916 1725 1703
1902 1694 1734
1936 1671 1622
1936 1670 1625
1935 1675 1634
1922 1676 1689
1923 1669 1681
1926 1654 1678
1932 1699 1637
1933 1692 1629
1928 1690 1647
1934 1682 1642
1931 1697 1645
1930 1673 1652
1927 1697 1655
1920 1690 1683
1925 1692 1665
1926 1695 1663
1929 1680 1660
1931 1656 1660
1927 1678 1671
1928 1671 1663
1924 1668 1672
1921 1683 1675
1944 1611 1617
1942 1625 1611
1941 1626 1620
1941 1582 1634
1937 1604 1645
1921 1558 1692
1938 1597 1637
1920 1564 1701
1933 1573 1660
1928 1565 1664
1916 1586 1712
1913 1634 1707
1924 1649 1688
1919 1647 1706
1906 1657 1737
1902 1648 1747
1901 1655 1755
1911 1632 1718
1910 1635 1726
1903 1631 1755
1905 1633 1744
1900 1665 1742
1903 1650 1739
1890 1611 1784
1896 1643 1767
1890 1630 1768
1898 1629 1773
1900 1540 1759
1913 1557 1729
1909 1721 1732
1901 1722 1727
1913 1740 1706
1912 1747 1714
1911 1757 1701
1896 1748 1721
1897 1744 1738
1898 1737 1730
1898 1739 1727
1907 1735 1726
1900 1722 1732
1910 1764 1709
1914 1742 1698
1894 1769 1714
1921 1743 1666
1863 1789 1811
1864 1779 1797
1864 1791 1793
1868 1742 1800
1842 1795 1813
1849 1793 1813
1847 1790 1818
1888 1700 1798
1872 1701 1805
1870 1718 1800
1886 1717 1793
1869 1735 1792
1874 1742 1791
1890 1736 1767
1889 1743 1775
1899 1672 1750
1895 1709 1747
1896 1701 1761
1897 1692 1752
1893 1721 1764
1894 1718 1756
1891 1732 1755
1895 1763 1725
1894 1765 1716
1894 1761 1738
1895 1754 1730
1897 1746 1730
1896 1744 1743
1885 1780 1772
1840 1697 1854
1856 1700 1845
1840 1701 1852
1849 1693 1858
1852 1696 1847
1857 1698 1829
1873 1697 1822
1867 1699 1823
1865 1716 1818
1856 1721 1826
1841 1718 1850
1868 1612 1825
1859 1622 1833
1885 1609 1802
1874 1631 1805
1897 1875 1646
1893 1856 1672
1893 1847 1682
1899 1844 1667
1895 1839 1677
1894 1837 1695
1890 1874 1692
1888 1871 1696
1891 1856 1693
1892 1854 1690
1888 1891 1687
1900 1851 1653
1899 1858 1661
1902 1870 1649
1897 1863 1650
1891 1876 1674
1896 1873 1664
1884 1852 1722
1887 1836 1727
1885 1845 1714
1888 1838 1709
1868 1872 1735
1867 1874 1731
1880 1889 1719
1872 1877 1720
1869 1877 1726
1884 1875 1706
1883 1873 1724
1875 1871 1756
1862 1884 1745
1918 1761 1672
1914 1783 1683
1915 1779 1671
1917 1768 1680
1913 1805 1677
1914 1845 1651
1915 1838 1643
1911 1816 1668
1917 1821 1648
1916 1828 1656
1910 1820 1680
1896 1828 1681
1896 1832 1679
1909 1827 1688
1901 1830 1663
1898 1789 1707
1897 1802 1706
1906 1801 1706
1888 1829 1719
1889 1831 1701
1894 1826 1704
1893 1824 1717
1894 1817 1709
1888 1830 1711
1889 1825 1707
1895 1812 1691
1895 1830 1687
1908 1784 1711
1887 1783 1736
1892 1781 1740
1893 1781 1735
1885 1800 1731
1892 1785 1718
1898 1780 1712
1890 1798 1735
1836 1893 1763
1841 1883 1770
1854 1882 1777
1859 1868 1785
1847 1886 1765
1858 1898 1758
1886 1793 1750
1879 1834 1759
1884 1810 1745
1881 1823 1739
1883 1812 1748
1880 1827 1751
1860 1805 1806
1863 1831 1788
1864 1833 1775
1864 1824 1780
1867 1809 1777
1876 1808 1777
1878 1791 1782
1840 1888 1765
1860 1881 1763
1862 1872 1749
1861 1856 1759
1833 1760 1847
1831 1810 1839
1830 1788 1858
1817 1789 1851
1846 1791 1829
1842 1788 1836
1834 1792 1829
1833 1794 1830
1855 1787 1843
1835 1798 1827
1801 1846 1836
1824 1841 1831
1813 1842 1836
1814 1843 1835
1823 1839 1849
1832 1823 1826
1845 1830 1810
1848 1830 1804
1853 1880 1795
1754 1787 1925
1755 1779 1929
1764 1788 1918
1765 1759 1922
1758 1761 1924
1759 1759 1925
1777 1755 1922
1820 1740 1876
1805 1771 1878
1789 1763 1886
1801 1759 1886
1796 1744 1889
1809 1743 1896
1791 1745 1888
1803 1743 1899
1790 1744 1892
1816 1750 1883
1796 1736 1912
1784 1744 1911
1800 1734 1907
1775 1793 1900
1768 1786 1913
1783 1780 1895
1772 1766 1909
1784 1762 1909
1785 1766 1892
1771 1795 1905
1835 1699 1870
1825 1694 1878
1824 1738 1871
1835 1743 1852
1833 1747 1860
1836 1714 1856
1839 1741 1847
1824 1721 1873
1828 1692 1883
1821 1711 1880
1817 1714 1886
1794 1826 1867
1801 1836 1851
1799 1842 1846
1798 1842 1848
1810 1832 1865
1814 1830 1860
1799 1804 1867
1794 1788 1872
1811 1803 1869
1815 1786 1867
1823 1781 1871
1793 1824 1885
1779 1797 1897
1786 1735 1919
1771 1737 1927
1763 1742 1923
1782 1674 1920
1804 1714 1903
1797 1707 1916
1801 1690 1914
1808 1697 1901
1760 1733 1931
1779 1728 1932
1752 1756 1937
1756 1750 1933
1818 1644 1886
1814 1646 1891
1789 1655 1923
1813 1659 1887
1810 1656 1898
1802 1603 1916
1815 1617 1895
1819 1600 1893
1805 1606 1905
1807 1565 1902
1798 1620 1918
1829 1605 1885
1818 1627 1888
1660 1871 1952
1768 1887 1858
1779 1886 1853
1774 1892 1850
1783 1884 1848
1781 1894 1842
1784 1894 1836
1779 1895 1834
1770 1877 1864
1759 1883 1871
1763 1881 1866
1762 1878 1873
1835 1891 1781
1824 1885 1794
1831 1887 1782
1831 1883 1794
1769 1827 1882
1785 1833 1880
1791 1851 1875
1798 1840 1864
1791 1833 1877
1796 1869 1838
1783 1867 1852
1792 1853 1857
1794 1868 1846
1766 1852 1890
1767 1854 1872
1760 1854 1875
1770 1860 1868
1774 1858 1863
1772 1867 1855
1771 1862 1859
1782 1855 1861
1787 1861 1859
1803 1850 1833
1799 1852 1838
1798 1852 1843
1838 1879 1806
1837 1877 1824
1816 1882 1810
1815 1884 1811
1828 1881 1810
1794 1895 1832
1789 1885 1837
1798 1878 1830
1800 1875 1832
1819 1867 1831
1803 1875 1826
1804 1873 1827
1801 1868 1830
1799 1895 1820
1661 1882 1935
1662 1895 1930
1670 1894 1921
1671 1898 1915
1674 1894 1914
1679 1903 1910
1682 1898 1912
1675 1890 1915
1658 1891 1931
1669 1891 1928
1690 1897 1903
1754 1887 1868
1751 1879 1878
1751 1896 1874
1747 1898 1879
1740 1902 1881
1753 1869 1884
1730 1890 1899
1731 1875 1894
1742 1875 1891
1738 1871 1892
1726 1900 1883
1736 1881 1886
1734 1884 1886
1737 1879 1888
1747 1880 1881
1750 1874 1882
1749 1871 1889
1722 1899 1894
1719 1890 1902
1727 1895 1897
1728 1899 1891
1731 1893 1892
1690 1898 1901
1715 1903 1896
1706 1897 1901
1747 1847 1891
1738 1854 1896
1733 1866 1902
1678 1881 1945
1680 1874 1934
1685 1888 1932
1678 1896 1913
1708 1896 1909
1702 1896 1912
1705 1891 1914
1715 1892 1907
1710 1887 1917
1699 1887 1920
1698 1884 1927
1695 1889 1925
1731 1840 1904
1734 1850 1899
1710 1869 1919
1717 1865 1917
1718 1868 1910
1721 1863 1912
1730 1852 1904
1701 1860 1930
1730 1872 1901
1719 1873 1906
1724 1872 1904
1717 1876 1906
1729 1868 1907
1697 1862 1935
1688 1858 1937
1691 1853 1939
1701 1854 1932
1692 1845 1943
1705 1852 1927
1704 1869 1922
1745 1807 1928
1743 1808 1920
1727 1809 1920
1735 1817 1915
1728 1814 1916
1761 1818 1913
1752 1814 1915
1768 1825 1900
1778 1826 1893
1759 1845 1903
1782 1824 1888
1690 1831 1947
1725 1843 1908
1718 1836 1921
1716 1836 1925
1710 1834 1929
1732 1825 1914
1741 1835 1910
1724 1833 1917
1730 1839 1911
1719 1839 1914
1722 1843 1911
1712 1811 1928
1713 1826 1926
1715 1841 1919
1713 1844 1924
1721 1810 1925
1720 1810 1927
1722 1819 1919
1724 1816 1921
1692 1828 1947
1703 1827 1942
1694 1829 1942
1704 1830 1935
1699 1835 1934
1698 1833 1939
1707 1825 1937
1705 1835 1931
1671 1850 1957
1676 1855 1947
1684 1846 1952
1681 1851 1950
1680 1853 1942
1685 1849 1945
1678 1846 1955
1711 1799 1954
1701 1803 1944
1695 1803 1948
1694 1818 1953
1741 1780 1941
1739 1789 1933
1747 1780 1938
1732 1800 1944
1736 1798 1939
1708 1810 1931
1723 1801 1933
1718 1809 1935
1739 1807 1931
1652 1880 1947
1645 1877 1948
1641 1883 1951
1637 1885 1956
1641 1879 1953
1650 1892 1940
1653 1886 1941
1649 1888 1946
1647 1897 1938
1639 1897 1941
1644 1892 1943
1641 1896 1949
1648 1903 1936
1655 1875 1949
1616 1897 1964
1635 1899 1953
1627 1897 1961
1631 1895 1956
1630 1889 1958
1459 1977 1967
1468 1960 1974
1446 1993 1943
1439 1995 1945
1476 1989 1951
1467 1980 1962
1538 1890 2013
1496 1904 2022
1499 1886 2017
1493 1877 2031
1460 1873 2034
1497 1875 2026
1440 1875 2034
1475 1867 2038
1478 1894 2029
1458 1905 2013
1482 1866 2047
1497 1860 2029
1482 1975 1971
1483 1920 1998
1467 1914 2002
1468 1937 1996
1463 1949 1985
1486 1947 1989
1479 1948 1980
1514 1948 1977
1471 1952 1980
1516 1929 1983
1505 1939 1988
1501 1941 1993
1476 1922 2000
1436 1921 2004
1496 1951 1965
1501 1963 1958
1496 1782 2071
1484 1795 2063
1470 1791 2070
1502 1791 2069
1436 1803 2076
1416 1816 2074
1428 1852 2054
1434 1842 2049
1472 1841 2058
1474 1813 2065
1483 1822 2054
1480 1816 2059
1485 1848 2042
1470 1830 2067
1479 1839 2056
1483 1837 2051
1312 1521 2176
1322 1546 2165
1321 1560 2171
1355 1587 2162
1377 1589 2159
1387 1614 2148
1473 1433 2134
1446 1443 2150
1378 1575 2153
1397 1573 2153
1410 1536 2155
1388 1534 2158
1404 1579 2143
1419 1575 2150
1424 1623 2134
1441 1615 2133
1390 1596 2143
1478 1577 2126
1471 1510 2138
1448 1522 2147
1438 1563 2142
1467 1567 2137
1470 1524 2144
1483 1531 2128
1468 1553 2131
1480 1549 2133
1420 1561 2144
1490 1495 2130
1481 1599 2122
1473 1605 2123
1469 1617 2125
1475 1620 2119
1477 1592 2126
1435 1606 2135
1454 1588 2135
1453 1602 2141
1354 1507 2167
1405 1456 2161
1414 1495 2156
1372 1509 2165
1488 1649 2108
1480 1643 2115
1463 1627 2130
1470 1648 2116
1462 1641 2117
1465 1638 2121
1461 1655 2123
1419 1669 2132
1422 1656 2129
1407 1682 2124
1421 1641 2139
1430 1650 2128
1423 1652 2130
1433 1634 2128
1437 1656 2123
1438 1687 2114
1435 1684 2116
1433 1677 2119
1455 1668 2110
1449 1668 2115
1439 1672 2114
1443 1659 2117
1429 1694 2121
1452 1690 2111
1444 1696 2112
1431 1705 2112
1465 1699 2100
1484 1681 2100
1487 1678 2104
1494 1676 2102
1485 1667 2113
1479 1697 2099
1483 1695 2106
1472 1698 2104
1477 1686 2108
1411 1749 2097
1415 1717 2105
1414 1746 2101
1404 1738 2104
1420 1788 2092
1422 1799 2083
1414 1801 2079
1424 1771 2090
1426 1778 2087
1410 1763 2103
1421 1744 2099
1440 1737 2102
1446 1740 2096
1436 1715 2107
1455 1717 2102
1445 1709 2105
1454 1721 2101
1439 1751 2089
1495 1731 2086
1489 1722 2088
1482 1723 2093
1479 1736 2096
1493 1720 2095
1478 1701 2098
1497 1703 2093
1450 1801 2075
1448 1790 2084
1452 1773 2082
1468 1780 2079
1471 1786 2074
1463 1770 2084
1451 1734 2104
1452 1749 2094
1438 1765 2095
1453 1745 2095
1460 1743 2093
1448 1751 2087
1492 1743 2080
1481 1747 2087
1480 1751 2086
1488 1745 2085
1489 1748 2077
1491 1772 2076
1476 1758 2077
1469 1760 2079
1472 1763 2077
1467 1749 2088
1356 1706 2122
1354 1734 2115
1376 1736 2112
1406 1710 2111
1423 1707 2108
1417 1707 2113
1382 1736 2107
1388 1723 2120
1412 1735 2110
1395 1705 2116
1389 1709 2114
1392 1706 2118
1396 1685 2122
1390 1695 2127
1281 1575 2164
1315 1602 2155
1312 1654 2142
1346 1681 2133
1368 1683 2130
1380 1670 2138
1324 1641 2150
1363 1640 2144
1365 1612 2151
1367 1623 2142
1346 1643 2147
1385 1642 2141
1343 1600 2154
1337 1604 2152
1387 1652 2134
1573 1496 2098
1539 1487 2111
1578 1512 2092
1559 1531 2102
1555 1533 2107
1569 1498 2103
1532 1602 2099
1523 1585 2113
1530 1591 2108
1533 1573 2103
1541 1548 2104
1537 1550 2109
1530 1552 2111
1517 1558 2119
1514 1576 2124
1526 1569 2113
1516 1587 2115
1497 1514 2128
1531 1523 2115
1528 1541 2120
1539 1600 2097
1536 1594 2102
1526 1612 2104
1512 1604 2117
1514 1601 2112
1513 1630 2108
1528 1619 2101
1531 1622 2099
1511 1619 2117
1495 1435 2131
1534 1460 2112
1512 1497 2127
1515 1479 2122
1538 1644 2090
1500 1741 2081
1508 1735 2080
1509 1735 2079
1523 1733 2078
1521 1722 2087
1530 1715 2080
1502 1713 2088
1499 1710 2090
1503 1698 2088
1511 1697 2098
1537 1644 2091
1522 1678 2094
1515 1680 2096
1526 1676 2089
1521 1683 2090
1519 1672 2099
1544 1669 2089
1533 1672 2087
1535 1687 2083
1546 1666 2084
1512 1683 2092
1522 1629 2106
1527 1634 2101
1509 1647 2110
1516 1651 2100
1524 1640 2097
1523 1655 2097
1525 1662 2094
1513 1669 2105
1529 1650 2092
1799 1512 1920
1784 1551 1925
1783 1530 1929
1795 1529 1922
1719 1568 2002
1725 1564 1996
1735 1577 1977
1734 1571 1978
1736 1548 1981
1742 1572 1976
1729 1547 1994
1782 1621 1925
1782 1617 1927
1781 1602 1941
1767 1614 1951
1770 1624 1944
1777 1619 1943
1794 1616 1920
1747 1526 1978
1771 1554 1944
1768 1527 1953
1755 1579 1960
1662 1564 2037
1658 1566 2042
1627 1593 2060
1658 1581 2039
1698 1562 2027
1721 1579 1993
1697 1591 2023
1701 1589 2018
1710 1598 2007
1715 1570 2007
1697 1606 2020
1633 1655 2055
1637 1653 2050
1629 1672 2057
1633 1670 2052
1652 1651 2042
1635 1681 2043
1649 1679 2027
1650 1678 2032
1644 1675 2033
1649 1652 2034
1646 1662 2039
1654 1662 2033
1642 1679 2041
1688 1654 2016
1696 1635 2016
1699 1617 2011
1681 1621 2017
1674 1627 2035
1693 1608 2025
1678 1610 2033
1680 1609 2018
1677 1654 2026
1686 1663 2015
1687 1683 2012
1691 1681 2007
1661 1660 2031
1665 1658 2026
1673 1656 2031
1613 1628 2064
1617 1611 2062
1653 1607 2049
1646 1625 2043
1634 1626 2059
1656 1634 2040
1657 1605 2044
1714 1685 1981
1740 1691 1972
1744 1681 1965
1748 1690 1963
1727 1684 1988
1731 1682 1983
1729 1709 1973
1742 1708 1955
1746 1706 1950
1755 1715 1939
1757 1706 1940
1761 1697 1947
1757 1699 1952
1718 1597 1998
1737 1600 1976
1714 1614 2000
1708 1611 2001
1713 1615 1995
1706 1615 2009
1694 1662 2006
1705 1644 2005
1709 1642 2000
1709 1660 1991
1728 1655 1992
1732 1638 1990
1750 1617 1974
1764 1695 1936
1765 1670 1942
1769 1668 1937
1768 1669 1935
1775 1667 1933
1765 1687 1940
1780 1646 1934
1773 1650 1934
1776 1648 1939
1766 1643 1947
1770 1641 1942
1745 1663 1972
1758 1670 1956
1751 1672 1958
1749 1661 1967
1759 1640 1959
1762 1660 1949
1766 1658 1944
1762 1653 1954
1749 1646 1970
1753 1644 1965
1667 1469 2039
1678 1518 2036
1619 1467 2072
1635 1513 2068
1641 1522 2054
1651 1528 2052
1638 1540 2059
1632 1547 2062
1639 1511 2063
1641 1561 2051
1643 1566 2050
1636 1568 2052
1635 1574 2053
1637 1563 2056
1634 1557 2061
1664 1535 2036
1659 1537 2046
1655 1526 2047
1682 1516 2031
1614 1605 2067
1596 1606 2073
1606 1624 2067
1590 1619 2075
1583 1613 2080
1591 1590 2079
1587 1592 2084
1600 1599 2068
1548 1652 2087
1576 1654 2079
1579 1630 2082
1573 1627 2088
1577 1625 2083
1572 1632 2084
1586 1636 2077
1594 1671 2058
1590 1673 2063
1601 1670 2065
1585 1663 2068
1582 1657 2073
1588 1647 2068
1605 1653 2063
1595 1645 2066
1593 1649 2066
1608 1674 2055
1609 1651 2058
1605 1668 2060
1574 1668 2076
1545 1625 2096
1549 1623 2091
1558 1634 2085
1570 1621 2093
1574 1604 2091
1600 1486 2082
1596 1488 2087
1592 1477 2088
1616 1532 2078
1618 1582 2066
1598 1579 2069
1611 1578 2076
1615 1561 2074
1619 1559 2069
1615 1576 2071
1614 1582 2068
1571 1577 2100
1575 1575 2095
1592 1584 2078
1577 1586 2086
1594 1556 2085
1582 1505 2087
1597 1538 2080
1577 1927 1973
1586 1936 1962
1590 1934 1957
1604 1926 1955
1660 1850 1960
1654 1853 1957
1644 1854 1954
1656 1852 1965
1630 1854 1968
1629 1860 1969
1643 1869 1959
1646 1840 1983
1639 1844 1985
1647 1843 1976
1627 1845 1976
1635 1872 1967
1631 1847 1970
1642 1860 1961
1615 1861 1981
1611 1881 1985
1621 1861 1978
1614 1863 1980
1620 1890 1974
1624 1888 1969
1596 1862 1993
1603 1844 1999
1608 1827 2008
1612 1825 2003
1598 1848 1996
1614 1838 1992
1630 1835 1996
1626 1837 2001
1622 1857 1979
1597 1858 1994
1623 1847 1981
1608 1854 1994
1612 1852 1989
1624 1850 1974
1591 1919 1971
1582 1902 1978
1585 1893 1972
1595 1917 1966
1599 1889 1984
1595 1891 1989
1600 1901 1958
1578 1904 1983
1599 1910 1958
1539 1764 2063
1581 1750 2054
1600 1763 2046
1604 1761 2041
1635 1778 2011
1633 1773 2012
1621 1769 2021
1626 1775 2014
1634 1769 2013
1625 1753 2022
1620 1766 2028
1606 1772 2032
1624 1764 2023
1613 1770 2030
1636 1749 2015
1628 1747 2021
1632 1751 2020
1636 1762 2008
1638 1760 2006
1637 1763 2005
1641 1755 2007
1637 1756 2010
1609 1729 2039
1623 1742 2031
1606 1747 2044
1608 1744 2039
1624 1749 2026
1615 1756 2033
1612 1799 2026
1616 1797 2021
1623 1793 2019
1603 1790 2037
1556 1754 2057
1565 1776 2043
1572 1774 2041
1571 1784 2039
1573 1770 2042
1565 1762 2047
1556 1769 2054
1563 1765 2052
1548 1773 2052
1594 1814 2012
1595 1806 2014
1591 1808 2019
1590 1816 2017
1583 1801 2021
1577 1805 2022
1560 1808 2045
1573 1815 2029
1577 1798 2027
1570 1813 2035
1555 1798 2050
1564 1791 2043
1574 1811 2030
1575 1801 2032
1602 1801 2009
1720 1808 1943
1722 1799 1951
1715 1792 1964
1707 1801 1959
1722 1781 1953
1734 1773 1954
1738 1771 1949
1725 1711 1978
1719 1724 1964
1710 1745 1973
1718 1729 1961
1714 1728 1971
1712 1733 1971
1716 1742 1969
1738 1718 1962
1703 1707 1984
1706 1717 1980
1703 1724 1982
1713 1715 1978
1707 1705 1979
1699 1734 1989
1717 1713 1973
1701 1734 1974
1708 1703 1998
1696 1707 1998
1689 1709 2000
1695 1736 1994
1756 1735 1936
1752 1752 1938
1742 1751 1945
1735 1744 1958
1754 1729 1947
1746 1734 1943
1739 1727 1956
1690 1793 1979
1691 1795 1961
1691 1764 1976
1695 1762 1971
1701 1751 1972
1709 1774 1969
1697 1761 1979
1693 1763 1984
1627 1808 2005
1632 1802 2008
1631 1806 1993
1633 1805 2001
1636 1800 2003
1684 1795 1964
1675 1799 1968
1679 1799 1961
1677 1797 1966
1678 1795 1967
1667 1800 1977
1672 1810 1972
1661 1800 1980
1659 1847 1967
1658 1843 1973
1664 1843 1970
1671 1839 1968
1675 1837 1963
1672 1842 1961
1667 1846 1958
1651 1836 1986
1650 1838 1978
1658 1825 1975
1655 1834 1981
1687 1822 1955
1674 1815 1971
1684 1808 1957
1683 1824 1960
1678 1828 1957
1663 1748 2020
1647 1757 1999
1641 1772 2003
1655 1764 1997
1655 1781 1993
1644 1782 1998
1645 1756 2004
1643 1759 2004
1642 1753 2006
1667 1746 2015
1659 1814 1977
1653 1808 1983
1677 1757 1986
1672 1783 1986
1671 1788 1980
1684 1754 1995
1676 1755 2004
1668 1758 1989
1680 1745 1997
1647 1811 1987
1658 1791 1988
1654 1793 1993
1646 1789 1995
1642 1801 1992
1652 1807 1990
1640 1790 1996
1523 1792 2052
1527 1777 2055
1533 1815 2041
1508 1844 2040
1527 1831 2043
1522 1821 2048
1533 1840 2029
1540 1838 2027
1531 1829 2038
1551 1826 2032
1562 1819 2036
1569 1817 2034
1548 1948 1966
1544 1950 1971
1562 1940 1964
1547 1925 1979
1543 1927 1984
1566 1912 1982
1559 1917 1980
1524 1961 1962
1594 1835 2010
1589 1839 2007
1587 1853 2004
1589 1841 2002
1583 1855 2009
1589 1864 1995
1591 1836 2002
1565 1845 2016
1572 1844 2025
1578 1845 2014
1583 1820 2019
1575 1826 2020
1520 1880 2020
1535 1895 2005
1539 1893 2000
1570 1896 1985
1563 1889 1998
1553 1905 1998
1557 1903 1993
1586 1882 2000
1568 1872 2007
1530 1858 2034
1543 1865 2018
1541 1872 2008
1528 1865 2024
1554 1876 2002
1539 1867 2023
1547 1855 2011
1561 1858 2008
1551 1853 2018
1553 1864 2009
1526 1940 1978
1534 1918 1995
1534 1939 1976
1526 1919 1986
1530 1912 1996
1485 1957 1966
1492 1955 1964
1521 1903 2007
1509 1911 2006
1506 1884 2015
1505 1913 2011
1574 1682 2072
1585 1678 2065
1591 1677 2059
1581 1680 2070
1573 1697 2072
1630 1717 2026
1620 1712 2040
1629 1721 2029
1624 1726 2028
1625 1720 2030
1607 1718 2048
1603 1720 2053
1613 1706 2045
1616 1727 2037
1627 1725 2029
1632 1699 2048
1641 1708 2037
1645 1706 2032
1647 1704 2027
1687 1698 2009
1683 1700 2014
1704 1706 1989
1668 1702 2022
1686 1727 2005
1664 1719 2024
1584 1732 2049
1591 1728 2047
1589 1717 2056
1617 1685 2049
1604 1697 2056
1607 1703 2051
1611 1701 2046
1593 1700 2054
1572 1671 2081
1546 1680 2080
1553 1678 2078
1514 1827 2049
1512 1816 2058
1513 1812 2059
1508 1818 2051
1528 1743 2073
1510 1766 2070
1504 1763 2076
1513 1772 2065
1514 1768 2066
1511 1762 2071
1552 1771 2059
1545 1773 2061
1540 1779 2053
1526 1781 2054
1543 1762 2070
1538 1768 2062
1498 1793 2062
1516 1799 2056
1510 1785 2068
1514 1783 2063
1505 1791 2060
1525 1705 2085
1543 1723 2073
1548 1716 2072
1550 1721 2071
1544 1718 2077
1541 1712 2082
1545 1695 2080
1536 1737 2072
1582 1721 2058
1559 1738 2057
1557 1727 2066
1553 1748 2062
1569 1714 2074
1547 1745 2068
1578 1723 2063
1584 1707 2061
1566 1736 2055
1571 1725 2065
1474 2342 1452
1461 2352 1367
1442 2349 1421
1602 2320 1412
1624 2298 1424
1634 2296 1441
1619 2300 1440
1670 2255 1527
1666 2259 1528
1665 2264 1526
1651 2275 1545
1680 2254 1552
1661 2273 1562
1596 2309 1483
1616 2298 1478
1593 2312 1475
1615 2300 1481
1609 2316 1467
1628 2297 1457
1614 2307 1489
1599 2318 1450
1680 2265 1510
1652 2289 1493
1681 2268 1500
1656 2293 1480
1665 2276 1471
1646 2295 1463
1662 2287 1510
1619 2309 1334
1681 2285 1399
1687 2279 1429
1666 2284 1415
1649 2297 1425
1639 2299 1408
1634 2308 1386
1628 2302 1411
1618 2304 1394
1516 2340 1409
1521 2320 1491
1440 2325 1526
1455 2321 1527
1515 2306 1550
1536 2318 1517
1578 2316 1474
1843 2054 1421
1842 2052 1439
1817 2100 1457
1780 2173 1402
1779 2180 1410
1798 2151 1402
1778 2166 1462
1807 2134 1409
1807 2124 1458
1791 2156 1477
1764 2195 1470
1773 2178 1477
1772 2185 1485
1842 2046 1444
1841 2053 1452
1838 2068 1455
1835 2078 1457
1816 2107 1465
1803 2131 1484
1802 2138 1492
1784 2160 1492
1751 2205 1385
1752 2203 1446
1728 2231 1416
1732 2234 1393
1739 2230 1448
1763 2202 1478
1719 2227 1526
1712 2253 1484
1718 2247 1514
1697 2252 1500
1681 2258 1502
1694 2275 1484
1685 2266 1495
1722 2219 1532
1689 2248 1517
1684 2252 1547
1745 2208 1521
1746 2201 1513
1744 2210 1530
1745 2224 1478
1733 2211 1498
1721 2236 1491
1727 2230 1521
1749 2196 1496
1748 2201 1494
1751 2189 1498
1679 2276 1432
1705 2257 1429
1632 2299 1419
1709 2065 1793
1716 2056 1776
1716 2059 1775
1736 2042 1778
1743 2037 1773
1730 2071 1773
1705 2119 1731
1696 2110 1742
1716 2108 1735
1696 2113 1737
1697 2116 1736
1695 2097 1751
1705 2104 1741
1701 2096 1746
1703 2097 1745
1706 2099 1743
1710 2095 1742
1795 2021 1726
1793 2029 1728
1794 2027 1751
1784 2029 1734
1771 2029 1747
1785 2023 1764
1803 2017 1721
1725 2091 1742
1741 2079 1749
1742 2080 1734
1733 2080 1740
1734 2069 1768
1743 2078 1757
1746 2078 1734
1728 2083 1748
1726 2084 1740
1754 2029 1765
1752 2037 1767
1747 2041 1760
1759 2029 1760
1762 2059 1747
1766 2057 1742
1745 2051 1767
1753 2050 1758
1756 2032 1753
1764 2026 1752
1763 2030 1751
1760 2025 1753
1802 2040 1725
1786 2050 1731
1788 2042 1729
1781 2051 1746
1714 2064 1778
1707 2073 1769
1701 2092 1766
1715 2076 1764
1719 2074 1759
1710 2092 1760
1686 2077 1781
1720 2080 1753
1712 2084 1758
1637 2174 1713
1639 2166 1711
1663 2112 1759
1657 2117 1752
1655 2125 1754
1668 2116 1748
1662 2121 1741
1638 2122 1765
1634 2124 1765
1641 2131 1741
1634 2133 1752
1684 2139 1733
1677 2120 1736
1676 2140 1724
1661 2141 1729
1663 2144 1719
1663 2133 1740
1664 2130 1739
1676 2136 1738
1631 2163 1716
1647 2160 1719
1653 2155 1726
1644 2146 1737
1657 2153 1721
1650 2137 1735
1651 2158 1714
1643 2154 1727
1645 2152 1731
1639 2157 1724
1642 2134 1740
1636 2147 1746
1685 2119 1745
1686 2120 1730
1683 2106 1753
1680 2108 1756
1691 2114 1752
1667 2110 1754
1686 2097 1757
1682 2105 1763
1678 2107 1768
1655 2109 1764
1667 2101 1772
1663 2103 1772
1643 2107 1772
1647 2105 1772
1653 2100 1779
1688 2096 1761
1684 2078 1773
1687 2077 1769
1683 2082 1773
1509 2319 1519
1846 2039 1529
1847 2032 1521
1847 2041 1511
1848 2034 1503
1858 2019 1538
1843 2043 1536
1840 2058 1539
1836 2052 1553
1850 2016 1576
1850 2017 1570
1845 2017 1591
1837 2066 1473
1833 2077 1488
1834 2070 1480
1853 2028 1492
1851 2014 1583
1846 2015 1598
1852 2025 1568
1854 2017 1566
1859 2016 1551
1841 2045 1471
1859 2021 1520
1866 2012 1503
1861 2013 1518
1859 2022 1462
1860 2024 1444
1784 2084 1681
1788 2082 1676
1798 2071 1677
1801 2054 1668
1812 2047 1683
1790 2063 1678
1789 2062 1688
1828 2037 1677
1833 2036 1662
1835 2028 1660
1816 2049 1677
1827 2042 1692
1829 2034 1690
1830 2019 1671
1779 2065 1703
1785 2064 1693
1784 2061 1703
1788 2056 1699
1792 2054 1694
1807 2048 1698
1811 2020 1716
1799 2045 1703
1822 2043 1707
1808 2028 1710
1807 2039 1710
1809 2031 1708
1774 2059 1704
1787 2045 1716
1751 2062 1733
1747 2064 1738
1780 2053 1704
1798 2013 1732
1763 2086 1714
1771 2094 1713
1778 2085 1696
1776 2093 1698
1762 2085 1724
1756 2099 1704
1804 2067 1658
1802 2075 1660
1803 2070 1662
1789 2088 1670
1804 2082 1648
1802 2090 1650
1797 2091 1665
1806 2053 1653
1817 2076 1644
1836 2030 1642
1814 2050 1662
1821 2048 1662
1819 2068 1642
1805 2062 1660
1818 2069 1636
1821 2054 1633
1823 2046 1631
1820 2061 1634
1829 2039 1659
1838 2021 1639
1834 2038 1644
1812 2083 1597
1825 2060 1619
1824 2067 1627
1825 2062 1612
1830 2061 1597
1826 2055 1604
1823 2070 1614
1826 2064 1594
1843 2021 1618
1832 2043 1591
1843 2020 1624
1827 2048 1603
1831 2047 1597
1837 2041 1627
1842 2040 1612
1844 2032 1610
1828 2045 1616
1806 2089 1627
1807 2084 1612
1814 2098 1515
1812 2104 1540
1830 2092 1491
1815 2099 1488
1831 2054 1589
1831 2063 1579
1832 2056 1571
1836 2046 1582
1825 2065 1588
1824 2072 1596
1832 2074 1564
1835 2059 1554
1833 2067 1556
1834 2066 1562
1834 2047 1568
1833 2054 1576
1840 2045 1559
1808 2086 1594
1814 2096 1564
1813 2085 1579
1818 2079 1568
1815 2094 1571
1816 2088 1562
1825 2075 1520
1821 2087 1547
1822 2090 1523
1821 2088 1541
1839 2065 1547
1754 2160 1621
1751 2129 1644
1751 2132 1641
1766 2127 1650
1770 2139 1607
1769 2146 1615
1754 2145 1631
1755 2140 1633
1762 2128 1626
1763 2131 1616
1761 2129 1620
1756 2128 1629
1760 2136 1628
1761 2139 1618
1774 2146 1602
1756 2154 1606
1765 2163 1595
1767 2155 1593
1777 2088 1683
1780 2107 1648
1779 2112 1663
1799 2098 1644
1778 2115 1650
1784 2121 1607
1800 2110 1630
1798 2118 1632
1792 2107 1635
1790 2115 1637
1773 2124 1604
1773 2118 1633
1775 2120 1628
1777 2123 1618
1776 2138 1600
1806 2094 1596
1805 2109 1615
1792 2124 1602
1757 2100 1696
1757 2126 1671
1765 2103 1691
1758 2106 1683
1774 2113 1678
1772 2121 1680
1748 2070 1732
1770 2055 1721
1775 2057 1716
1769 2060 1719
1764 2058 1721
1812 2114 1491
1803 2119 1531
1801 2122 1525
1811 2121 1499
1806 2110 1510
1800 2129 1533
1784 2144 1535
1775 2140 1585
1772 2154 1578
1769 2162 1572
1787 2140 1572
1795 2143 1567
1780 2142 1583
1781 2137 1585
1799 2115 1585
1807 2105 1555
1796 2123 1579
1796 2136 1559
1799 2121 1556
1805 2113 1557
1802 2117 1549
1684 2256 1514
1735 2201 1541
1755 2174 1569
1773 2168 1526
1771 2171 1537
1762 2188 1530
1782 2151 1533
1768 2182 1560
1777 2165 1567
1727 2190 1599
1716 2186 1605
1703 2199 1615
1702 2196 1616
1707 2197 1610
1713 2199 1591
1714 2197 1588
1708 2198 1600
1712 2206 1599
1713 2209 1589
1717 2207 1584
1750 2188 1603
1736 2191 1578
1744 2194 1573
1729 2193 1589
1717 2233 1566
1708 2224 1577
1726 2216 1573
1718 2213 1578
1731 2203 1546
1730 2207 1537
1730 2200 1556
1748 2149 1650
1750 2141 1648
1704 2156 1680
1721 2145 1680
1719 2153 1682
1735 2142 1666
1739 2140 1661
1758 2087 1729
1745 2100 1709
1747 2090 1715
1748 2096 1709
1746 2097 1722
1744 2105 1724
1714 2154 1697
1716 2127 1707
1718 2117 1700
1726 2121 1691
1725 2132 1692
1734 2115 1699
1724 2126 1698
1733 2112 1709
1706 2125 1720
1724 2129 1693
1707 2126 1710
1708 2124 1712
1715 2134 1709
1720 2133 1694
1719 2138 1692
1705 2145 1708
1706 2151 1702
1707 2118 1718
1703 2120 1723
1738 2134 1672
1739 2114 1684
1749 2123 1676
1738 2119 1682
1738 2113 1694
1734 2139 1676
1737 2133 1682
1733 2135 1687
1742 2132 1667
1739 2106 1739
1724 2111 1730
1709 2117 1726
1729 2110 1715
1714 2113 1713
1729 2108 1722
1734 2107 1707
1717 2154 1674
1726 2159 1659
1716 2161 1676
1707 2178 1669
1727 2148 1658
1728 2151 1657
1734 2162 1654
1715 2181 1664
1717 2173 1662
1722 2172 1647
1709 2170 1667
1742 2185 1608
1733 2175 1621
1716 2180 1617
1724 2171 1634
1712 2182 1622
1714 2188 1619
1701 2184 1639
1710 2190 1624
1709 2187 1634
1705 2183 1647
1751 2168 1615
1739 2166 1643
1738 2160 1649
1740 2152 1647
1741 2158 1641
1749 2161 1636
1747 2169 1638
1736 2154 1652
1693 2163 1672
1702 2127 1725
1701 2147 1713
1692 2141 1719
1694 2133 1717
1693 2144 1718
1705 2205 1612
1686 2225 1604
1694 2228 1599
1687 2218 1602
1704 2226 1582
1648 2266 1578
1649 2254 1577
1664 2250 1578
1652 2264 1573
1647 2231 1619
1656 2234 1595
1649 2245 1608
1652 2238 1596
1651 2237 1606
1646 2236 1612
1645 2247 1613
1647 2239 1611
1651 2243 1594
1672 2228 1610
1671 2230 1595
1679 2251 1562
1675 2247 1575
1685 2245 1592
1688 2234 1569
1689 2217 1610
1701 2207 1617
1682 2226 1627
1684 2218 1625
1673 2148 1718
1664 2165 1711
1678 2149 1709
1672 2168 1706
1673 2176 1671
1661 2178 1680
1669 2181 1675
1681 2173 1678
1677 2175 1683
1669 2172 1688
1668 2169 1689
1654 2182 1693
1656 2174 1691
1658 2180 1688
1659 2183 1687
1649 2170 1702
1691 2156 1693
1679 2159 1689
1688 2159 1683
1680 2152 1699
1677 2167 1691
1682 2200 1645
1679 2190 1649
1671 2192 1653
1673 2191 1661
1677 2189 1656
1680 2194 1648
1678 2202 1650
1670 2199 1655
1694 2186 1650
1692 2183 1660
1681 2179 1666
1661 2194 1670
1667 2189 1677
1672 2190 1671
1668 2192 1676
1659 2186 1682
1619 2192 1689
1640 2193 1681
1627 2186 1697
1626 2183 1698
1644 2197 1664
1627 2195 1684
1648 2196 1676
1635 2189 1692
1630 2178 1703
1638 2177 1712
1642 2175 1707
1651 2184 1696
1646 2179 1698
1639 2187 1687
1694 2190 1626
1684 2199 1637
1684 2192 1643
1693 2201 1632
1691 2209 1634
1694 2193 1621
1683 2206 1639
1685 2198 1637
1686 2191 1635
1630 2204 1680
1654 2203 1661
1652 2211 1663
1631 2205 1670
1644 2212 1654
1639 2213 1669
1675 2209 1636
1673 2217 1638
1670 2208 1642
1671 2211 1641
1662 2205 1647
1669 2219 1643
1640 2240 1636
1648 2224 1629
1642 2232 1634
1649 2223 1643
1623 2219 1654
1626 2225 1639
1631 2216 1649
1627 2217 1649
1625 2225 1651
1642 2213 1646
1641 2220 1648
1617 2200 1691
1580 2221 1677
1593 2228 1661
1629 2171 1718
1621 2158 1728
1621 2148 1733
1616 2173 1724
1614 2150 1735
1613 2155 1733
1625 2156 1731
1635 2151 1732
1610 2178 1717
1603 2166 1740
1615 2167 1730
1611 2169 1735
1580 2137 1771
1600 2142 1758
1602 2145 1748
1599 2130 1772
1594 2161 1755
1586 2158 1760
1583 2135 1768
1595 2141 1767
1597 2145 1751
1598 2133 1773
1628 2144 1751
1615 2141 1753
1613 2149 1742
1612 2149 1747
1572 2143 1763
1574 2152 1761
1557 2154 1761
1556 2151 1762
1570 2148 1770
1606 2122 1772
1621 2117 1781
1623 2140 1762
1627 2138 1757
1615 2137 1767
1633 2118 1771
1629 2120 1776
1631 2110 1775
1627 2112 1780
1680 2080 1778
1676 2084 1779
1668 2090 1771
1672 2086 1779
1662 2100 1773
1666 2098 1773
1662 2097 1778
1661 2099 1788
1646 2104 1779
1644 2134 1739
1649 2128 1761
1655 2130 1745
1654 2127 1746
1680 2082 1774
1615 2232 1649
1621 2227 1656
1604 2219 1676
1606 2211 1674
1612 2218 1667
1556 2169 1747
1557 2182 1741
1561 2180 1736
1562 2186 1730
1624 2176 1719
1618 2181 1712
1591 2212 1692
1625 2203 1686
1626 2206 1685
1595 2210 1687
1593 2204 1690
1575 2196 1707
1579 2194 1710
1595 2184 1710
1594 2183 1720
1611 2191 1700
1597 2192 1706
1609 2198 1705
1548 2199 1734
1552 2197 1729
1566 2190 1713
1578 2188 1716
1580 2184 1726
1570 2189 1725
1573 2177 1727
1590 2185 1725
1588 2171 1731
1580 2187 1708
1573 2166 1741
1565 2169 1741
1561 2171 1746
1571 2163 1751
1581 2176 1736
1519 2185 1755
1528 2168 1762
1533 2169 1756
1532 2166 1757
1523 2183 1750
1521 2177 1753
1525 2175 1748
1533 2172 1751
1553 2151 1764
1560 2159 1757
1552 2162 1757
1543 2162 1763
1545 2163 1756
1539 2164 1763
1552 2156 1762
1552 2171 1752
1534 2184 1737
1549 2179 1746
1495 2228 1691
1499 2211 1720
1515 2218 1715
1524 2227 1704
1528 2225 1699
1529 2226 1689
1528 2231 1687
1495 2213 1725
1512 2208 1719
1513 2235 1686
1483 2194 1740
1510 2189 1741
1498 2190 1741
1486 2204 1736
1497 2205 1723
1582 2212 1693
1569 2205 1709
1578 2214 1698
1571 2216 1692
1576 2217 1686
1572 2219 1691
1583 2213 1683
1532 2192 1739
1549 2200 1719
1561 2206 1718
1553 2198 1719
1535 2211 1704
1527 2204 1720
1624 2246 1621
1628 2244 1616
1619 2245 1622
1605 2253 1620
1604 2250 1621
1603 2261 1622
1607 2259 1617
1541 2238 1671
1564 2225 1683
1585 2226 1675
1588 2224 1672
1579 2241 1665
1581 2233 1663
1562 2233 1685
1619 2230 1644
1586 2253 1642
1593 2225 1666
1592 2222 1667
1594 2240 1647
1592 2248 1649
1606 2232 1650
1602 2234 1655
1601 2231 1656
1585 2231 1658
1594 2221 1659
1583 2239 1660
1589 2230 1658
1607 2238 1641
1595 2220 1659
1491 2347 1420
1463 2344 1435
1506 2348 1404
1476 2351 1419
1512 2342 1434
1478 2340 1436
1524 2343 1406
1518 2349 1376
1596 2326 1382
1581 2325 1398
1592 2322 1395
1571 2327 1381
1571 2320 1419
1554 2340 1391
1539 2339 1407
1533 2345 1377
1586 2328 1365
1502 2299 1566
1532 2314 1530
1517 2318 1529
1523 2311 1533
1489 2323 1525
1496 2308 1568
1506 2303 1553
1509 2315 1552
1554 2297 1543
1553 2309 1544
1557 2307 1539
1419 2330 1512
1453 2332 1510
1468 2328 1511
1470 2340 1490
1485 2336 1491
1622 2276 1532
1604 2297 1506
1628 2285 1512
1626 2278 1516
1633 2276 1513
1595 2295 1535
1614 2295 1523
1613 2293 1541
1599 2306 1505
1584 2310 1504
1572 2309 1532
1566 2316 1528
1585 2297 1518
1531 2339 1461
1548 2317 1496
1546 2335 1462
1561 2336 1446
1533 2328 1478
1538 2319 1479
1531 2321 1482
1567 2330 1476
1506 2331 1505
1516 2320 1498
1510 2329 1500
1519 2338 1489
1641 2292 1496
1633 2288 1497
1631 2294 1479
1626 2296 1495
1433 2233 1693
1424 2237 1679
1488 2309 1577
1493 2298 1572
1505 2317 1557
1598 2292 1557
1590 2288 1558
1583 2296 1556
1632 2274 1549
1619 2287 1571
1627 2271 1564
1512 2281 1607
1505 2289 1605
1520 2285 1606
1522 2297 1585
1537 2293 1586
1529 2289 1587
1542 2296 1571
1536 2301 1564
1590 2276 1574
1562 2286 1595
1558 2288 1600
1559 2276 1599
1571 2295 1584
1583 2278 1577
1585 2285 1573
1568 2277 1593
1600 2274 1591
1604 2272 1586
1622 2264 1587
1631 2258 1598
1637 2253 1605
1623 2259 1589
1618 2260 1604
1609 2251 1615
1616 2268 1606
1595 2267 1614
1596 2247 1626
1538 2261 1655
1543 2250 1650
1587 2269 1593
1570 2259 1627
1574 2272 1600
1567 2270 1607
1561 2265 1616
1540 2253 1653
1557 2261 1633
1555 2269 1635
1559 2267 1630
1565 2258 1628
1561 2259 1628
1552 2251 1644
1548 2252 1644
1546 2260 1646
1558 2246 1651
1541 2280 1620
1460 2264 1643
1462 2241 1675
1462 2247 1672
1477 2237 1676
1498 2232 1690
1504 2259 1657
1526 2242 1670
1496 2255 1658
1511 2239 1674
1492 2240 1672
1489 2236 1676
1525 2254 1671
1527 2246 1669
1529 2252 1666
1531 2244 1664
1492 2282 1621
1509 2262 1642
1489 2263 1656
1474 2275 1626
1472 2283 1628
1507 2278 1622
1463 2274 1639
1465 2266 1637
1526 2270 1622
1439 2311 1578
1476 2290 1592
1475 2302 1593
1479 2300 1588
1454 2307 1579
1471 2287 1607
1476 2281 1623
1755 2008 1800
1760 2014 1787
1694 2009 1829
1714 1998 1830
1702 2003 1837
1706 2001 1832
1696 2034 1814
1717 2026 1796
1703 2030 1804
1698 2031 1819
1702 2029 1814
1710 2026 1812
1700 2030 1827
1704 2028 1822
1719 2022 1826
1751 2010 1800
1740 2011 1805
1735 2025 1797
1726 2013 1809
1724 2021 1811
1723 2009 1812
1738 2003 1816
1682 2079 1786
1681 2063 1800
1687 2062 1795
1686 2067 1789
1673 2060 1805
1656 2052 1825
1663 2057 1812
1664 2055 1820
1662 2042 1831
1671 2051 1820
1675 2028 1839
1670 2054 1815
1665 2035 1832
1679 2050 1829
1684 2049 1814
1692 2036 1819
1686 2041 1812
1713 2063 1793
1701 2057 1794
1701 2071 1785
1705 2043 1803
1696 2058 1809
1700 2056 1804
1732 2044 1783
1703 2044 1795
1720 2031 1793
1716 2033 1798
1719 2037 1794
1711 2038 1803
1720 2052 1775
1728 2046 1783
1753 2035 1790
1774 2024 1769
1772 2016 1780
1776 2014 1775
1606 2080 1831
1625 2068 1818
1648 2066 1822
1610 2078 1826
1616 2069 1824
1617 2064 1826
1616 2063 1833
1624 2062 1824
1639 2057 1833
1622 2062 1828
1656 2062 1817
1642 2071 1815
1652 2084 1793
1645 2089 1798
1641 2091 1803
1633 2088 1808
1634 2077 1807
1632 2085 1809
1649 2093 1789
1646 2069 1810
1653 2065 1807
1672 2078 1787
1667 2079 1802
1673 2070 1797
1665 2071 1806
1641 2036 1856
1645 2048 1831
1649 2027 1841
1629 2044 1848
1610 2052 1849
1632 2040 1842
1603 2056 1849
1631 2058 1842
1565 2100 1821
1556 2117 1814
1547 2121 1800
1573 2125 1794
1541 2122 1805
1532 2126 1791
1577 2123 1794
1567 2130 1787
1559 2136 1779
1557 2144 1781
1581 2128 1789
1566 2150 1775
1567 2139 1774
1565 2147 1776
1575 2133 1782
1579 2131 1777
1611 2079 1816
1613 2092 1808
1597 2084 1817
1608 2081 1819
1590 2130 1778
1595 2113 1787
1594 2126 1783
1599 2127 1777
1598 2124 1778
1589 2114 1792
1585 2126 1789
1604 2109 1801
1603 2116 1782
1598 2118 1783
1599 2113 1785
1588 2115 1786
1586 2123 1788
1589 2124 1784
1569 2104 1804
1570 2107 1803
1571 2102 1805
1620 2114 1782
1612 2112 1796
1614 2105 1791
1618 2103 1791
1618 2093 1799
1646 2095 1792
1638 2101 1784
1627 2097 1790
1630 2100 1788
1640 2093 1795
1619 2109 1785
1520 2165 1767
1523 2157 1773
1509 2162 1774
1513 2160 1769
1525 2152 1770
1527 2155 1768
1456 2178 1756
1519 2138 1800
1523 2142 1783
1509 2149 1799
1522 2156 1783
1518 2158 1788
1531 2139 1790
1528 2140 1782
1531 2145 1778
1527 2141 1795
1876 1922 1660
1879 1941 1630
1874 1942 1645
1874 1941 1651
1873 1939 1669
1878 1925 1639
1877 1927 1642
1892 1919 1651
1879 1920 1644
1832 2009 1695
1848 1988 1681
1837 1993 1690
1852 1994 1674
1854 1986 1672
1853 1987 1666
1837 1999 1665
1833 2011 1677
1841 2013 1645
1838 2001 1647
1847 1995 1689
1848 1997 1671
1833 1997 1693
1841 1998 1655
1840 2000 1646
1837 2010 1654
1853 1996 1656
1870 1964 1604
1867 1968 1611
1869 1965 1598
1865 1976 1613
1868 1972 1606
1864 1983 1614
1855 1979 1664
1858 1972 1642
1856 1981 1646
1857 1974 1645
1854 1989 1648
1855 1988 1654
1854 1991 1641
1856 1972 1663
1860 1971 1657
1860 1977 1628
1845 2013 1616
1857 1992 1631
1856 1999 1639
1863 1990 1622
1861 1998 1624
1862 1991 1616
1845 2012 1622
1846 2006 1615
1859 1990 1626
1850 2012 1601
1855 2010 1565
1857 2002 1563
1856 2003 1557
1872 1959 1657
1873 1961 1639
1843 1968 1710
1864 1957 1689
1851 1973 1678
1866 1965 1687
1852 1969 1689
1849 1968 1692
1851 1967 1707
1844 1969 1707
1839 1951 1744
1844 1925 1744
1861 1924 1740
1847 1925 1738
1843 1946 1740
1846 1923 1756
1843 1923 1762
1828 1922 1773
1834 1914 1773
1830 1916 1778
1827 1920 1791
1892 1910 1661
1871 1921 1682
1870 1916 1694
1870 1928 1690
1877 1918 1667
1891 1917 1669
1875 1918 1676
1887 1893 1690
1884 1908 1693
1876 1916 1685
1865 1902 1729
1863 1919 1714
1868 1914 1717
1865 1937 1701
1859 1938 1697
1869 1900 1704
1868 1920 1692
1883 1915 1701
1862 1926 1722
1862 1917 1732
1842 1966 1728
1845 1964 1712
1858 1963 1719
1857 1961 1737
1877 1964 1474
1876 1971 1482
1876 1963 1501
1888 1951 1491
1873 1986 1485
1867 1998 1426
1910 1880 1508
1909 1878 1526
1904 1883 1521
1905 1881 1523
1903 1886 1507
1904 1888 1489
1910 1882 1459
1905 1883 1474
1865 2010 1521
1869 1997 1500
1870 1990 1492
1868 1995 1518
1863 1996 1533
1860 2011 1536
1861 2004 1535
1857 2008 1553
1869 1988 1510
1878 1953 1548
1871 1970 1583
1868 1994 1576
1853 2002 1567
1896 1931 1548
1894 1939 1550
1898 1917 1539
1900 1886 1625
1917 1875 1551
1904 1879 1541
1904 1875 1581
1905 1877 1563
1912 1876 1566
1900 1896 1557
1897 1924 1547
1899 1916 1545
1900 1909 1537
1892 1925 1562
1899 1906 1613
1902 1891 1610
1899 1893 1633
1894 1915 1567
1895 1919 1562
1895 1942 1474
1890 1943 1489
1896 1897 1640
1895 1895 1658
1869 1987 1568
1872 1972 1565
1875 1968 1558
1874 1964 1563
1871 1979 1566
1870 1977 1584
1870 1986 1574
1871 1966 1586
1876 1961 1550
1889 1940 1565
1873 1962 1581
1877 1960 1556
1892 1923 1569
1893 1922 1575
1890 1937 1578
1888 1945 1580
1891 1930 1577
1891 1921 1587
1883 1946 1595
1888 1946 1522
1889 1948 1504
1884 1949 1519
1882 1957 1521
1875 1949 1570
1874 1951 1568
1881 1955 1539
1883 1947 1537
1880 1948 1555
1893 1912 1643
1882 1944 1613
1881 1933 1628
1882 1926 1627
1883 1924 1624
1884 1922 1626
1885 1929 1610
1880 1935 1621
1898 1913 1621
1886 1922 1602
1889 1935 1596
1890 1928 1595
1887 1943 1598
1892 1920 1593
1852 2008 1574
1862 1993 1609
1867 1992 1594
1869 1984 1592
1868 1985 1586
1851 2006 1592
1849 2014 1594
1863 1995 1591
1862 2001 1548
1731 1976 1839
1733 1966 1845
1734 1971 1841
1742 1975 1834
1746 1973 1829
1797 1905 1827
1777 1919 1841
1776 1916 1848
1773 1921 1846
1786 1928 1830
1793 1924 1828
1797 1922 1823
1795 1932 1817
1793 1963 1780
1797 1935 1798
1796 1934 1799
1789 1947 1795
1787 1965 1790
1806 1931 1812
1809 1927 1799
1813 1925 1794
1811 1935 1788
1818 1911 1802
1814 1913 1807
1737 1947 1844
1743 1946 1838
1745 1944 1842
1736 1948 1840
1746 1956 1833
1754 1955 1824
1757 1950 1826
1765 1947 1824
1753 1952 1831
1766 1959 1815
1774 1943 1838
1723 1994 1844
1822 1934 1783
1774 1958 1806
1767 1962 1808
1763 1964 1813
1758 1965 1807
1809 1950 1777
1807 1958 1779
1802 1959 1794
1783 1967 1795
1782 1956 1812
1773 1960 1798
1790 1946 1809
1787 1955 1797
1775 1973 1787
1779 1971 1782
1768 1977 1789
1771 1980 1787
1773 1987 1784
1823 1948 1773
1827 1999 1702
1833 1989 1707
1832 1994 1705
1823 1980 1728
1819 1979 1733
1830 1978 1728
1834 1986 1715
1834 2016 1674
1836 2008 1672
1776 1997 1779
1779 1995 1777
1797 2003 1754
1796 2000 1761
1793 2005 1759
1792 2002 1761
1783 1993 1772
1780 1989 1776
1788 1980 1771
1799 1970 1766
1795 1974 1762
1794 1976 1763
1802 1970 1760
1799 1993 1744
1800 1973 1751
1799 1983 1746
1804 1978 1749
1798 1990 1754
1836 1972 1758
1818 1962 1765
1816 1969 1776
1815 1977 1744
1814 1979 1745
1810 1975 1746
1826 2015 1725
1817 2006 1736
1813 2008 1741
1806 2012 1743
1721 1995 1836
1730 1988 1826
1726 1990 1831
1726 1994 1821
1756 1992 1797
1742 1984 1815
1764 1986 1805
1751 1979 1821
1755 1977 1816
1744 1983 1823
1767 1982 1792
1739 1997 1815
1742 2001 1811
1743 2002 1801
1763 1990 1790
1762 1987 1797
1759 1992 1795
1568 1947 1950
1725 1967 1854
1647 2017 1859
1666 1993 1868
1662 1995 1873
1656 2003 1865
1680 1985 1866
1670 2015 1863
1656 2000 1866
1684 1983 1866
1671 1986 1867
1660 1996 1865
1691 2021 1838
1681 2008 1853
1683 2022 1847
1674 2013 1858
1662 2021 1850
1714 1968 1859
1696 1975 1862
1710 1987 1860
1693 1994 1848
1714 1985 1855
1701 1991 1846
1693 1979 1880
1655 1934 1924
1664 1943 1913
1668 1941 1908
1662 1944 1905
1654 1942 1920
1670 1932 1916
1666 1934 1921
1673 1923 1910
1675 1920 1910
1679 1941 1905
1687 1940 1896
1696 1949 1885
1737 1941 1846
1736 1930 1863
1731 1934 1860
1733 1949 1849
1726 1951 1851
1720 1938 1858
1721 1936 1859
1754 1940 1856
1756 1913 1866
1760 1905 1863
1758 1906 1855
1756 1933 1845
1694 1950 1877
1698 1948 1872
1700 1947 1880
1724 1927 1873
1719 1928 1870
1711 1931 1878
1717 1938 1864
1713 1944 1867
1713 1931 1874
1705 1935 1874
1717 1942 1862
1720 1933 1866
1712 1960 1870
1716 1958 1865
1635 1964 1906
1650 1970 1902
1646 1945 1905
1669 1951 1892
1664 1952 1894
1671 1950 1900
1675 1951 1889
1675 1948 1895
1667 1978 1882
1675 1969 1887
1638 1926 1944
1641 1935 1936
1647 1935 1933
1711 1906 1879
1707 1908 1884
1713 1904 1888
1715 1917 1877
1708 1921 1879
1719 1911 1874
1735 1906 1878
1730 1912 1868
1733 1907 1870
1738 1903 1873
1723 1905 1881
1696 1936 1887
1700 1930 1884
1707 1926 1882
1689 1913 1906
1691 1903 1897
1699 1906 1892
1688 1927 1894
1687 1923 1900
1682 1927 1897
1698 1922 1895
1704 1924 1891
1642 1906 1940
1667 1905 1925
1655 1917 1928
1670 1914 1918
1666 1916 1923
1657 1907 1934
1632 1980 1909
1624 1971 1916
1628 1969 1911
1622 1957 1922
1615 1962 1927
1626 1955 1917
1616 1918 1956
1634 1928 1949
1620 1916 1951
1593 1943 1949
1597 1952 1934
1597 1941 1944
1618 1942 1934
1619 1942 1923
1607 1942 1937
1622 1940 1929
1609 1933 1945
1612 1956 1929
1605 1949 1942
1626 1938 1921
1643 1963 1915
1574 1965 1935
1564 1975 1932
1553 1985 1937
1543 1974 1942
1574 1977 1927
1495 1982 1955
1509 1966 1953
1525 1961 1950
1502 1986 1945
1511 1969 1952
1507 1974 1956
1516 2006 1923
1519 1998 1929
1518 2002 1921
1538 1991 1933
1511 1995 1934
1534 1993 1938
1525 1984 1949
1539 1976 1947
1510 1989 1940
1557 1957 1955
1565 1956 1946
1551 1957 1958
1582 1964 1944
1586 1962 1939
1589 1971 1931
1567 1970 1940
1572 1953 1949
1549 1960 1947
1568 2022 1887
1562 2027 1892
1566 2022 1888
1566 2025 1887
1557 2018 1893
1551 2027 1895
1556 2016 1894
1557 2012 1902
1530 2043 1885
1535 2040 1882
1527 2037 1887
1543 2028 1904
1550 2035 1891
1528 2033 1895
1537 2028 1907
1555 1999 1913
1548 2003 1913
1549 2009 1907
1534 2019 1915
1530 2021 1920
1570 1993 1917
1563 1998 1922
1560 1992 1924
1541 2000 1925
1574 2077 1842
1566 2074 1847
1556 2091 1832
1552 2093 1837
1559 2083 1838
1555 2085 1843
1589 2072 1851
1580 2076 1837
1596 2063 1834
1595 2074 1835
1594 2071 1836
1608 2060 1838
1609 2055 1844
1576 2087 1832
1595 2053 1854
1575 2057 1854
1623 2085 1815
1619 2087 1815
1591 2085 1822
1565 2042 1876
1567 2043 1871
1554 2041 1877
1546 2047 1869
1538 2046 1880
1557 2039 1881
1537 2050 1872
1538 2073 1859
1551 2062 1858
1552 2065 1857
1556 2065 1855
1547 2056 1866
1544 2055 1871
1545 2058 1870
1547 2082 1848
1555 2070 1853
1558 2065 1854
1560 2068 1852
1557 2059 1860
1553 2061 1865
1546 2076 1854
1578 2049 1860
1567 2048 1861
1561 2048 1864
1570 2046 1865
1580 2037 1885
1571 2041 1871
1653 1986 1884
1623 1984 1895
1645 1987 1893
1620 1999 1898
1624 1997 1893
1631 1992 1888
1636 1991 1879
1660 1975 1883
1656 1977 1888
1664 1969 1890
1660 1971 1895
1636 1978 1904
1572 2007 1911
1576 2005 1906
1586 1983 1920
1589 1992 1912
1582 1985 1925
1603 1970 1919
1602 1978 1915
1595 1971 1928
1660 2024 1843
1658 2023 1855
1671 2030 1839
1643 2029 1851
1593 2044 1869
1599 2025 1872
1618 2051 1858
1622 2049 1853
1601 2043 1860
1608 2028 1871
1612 2026 1866
1623 2026 1863
1604 2036 1861
1623 2050 1843
1613 2027 1862
1627 2006 1885
1641 2015 1875
1632 2019 1861
1652 2005 1870
1624 2007 1877
1633 2016 1866
1620 2009 1882
1633 2006 1882
1627 2021 1859
1626 2021 1871
1622 2023 1876
1644 2032 1838
1658 2044 1836
1652 2064 1822
1637 2060 1826
1577 2000 1904
1603 2001 1902
1594 2005 1888
1595 2004 1894
1591 2020 1891
1579 2014 1898
1583 2012 1893
1612 2000 1889
1606 1984 1901
1598 2027 1878
1613 2014 1887
1605 2004 1889
1584 2035 1880
1595 1992 1909
1485 2177 1769
1452 2188 1743
1505 2170 1758
1426 2075 1871
1425 2095 1859
1449 2090 1855
1434 2078 1866
1483 2098 1841
1466 2124 1817
1473 2115 1826
1470 2112 1839
1450 2117 1822
1495 2134 1802
1475 2133 1806
1477 2139 1803
1473 2141 1808
1482 2124 1815
1479 2095 1846
1463 2105 1852
1471 2092 1851
1474 2121 1820
1464 2132 1819
1551 2135 1790
1549 2121 1796
1555 2124 1795
1447 2167 1776
1440 2160 1789
1412 2032 1912
1434 2025 1925
1457 2023 1929
1458 2050 1896
1459 2030 1908
1450 2047 1901
1435 2005 1937
1449 2020 1934
1522 2033 1898
1500 2032 1907
1507 2023 1916
1497 2040 1901
1499 2036 1899
1492 2029 1912
1477 2034 1903
1474 2042 1897
1515 2026 1911
1514 2030 1903
1520 2030 1900
1507 2039 1894
1492 2011 1927
1497 2012 1921
1496 2009 1922
1468 1986 1956
1491 1984 1960
1494 2003 1925
1478 1996 1930
1465 2001 1931
1469 2013 1923
1458 2003 1941
1480 1987 1946
1414 2043 1903
1488 2057 1894
1473 2062 1885
1496 2060 1889
1497 2066 1883
1506 2049 1890
1510 2129 1811
1515 2122 1810
1513 2121 1817
1518 2132 1806
1512 2077 1851
1532 2087 1839
1529 2095 1833
1523 2078 1850
1521 2086 1840
1514 2083 1844
1543 2110 1830
1528 2115 1821
1534 2114 1816
1530 2118 1811
1561 2092 1823
1570 2101 1812
1576 2100 1807
1574 2102 1803
1555 2111 1820
1551 2113 1825
1564 2120 1809
1572 2119 1800
1578 2110 1798
1584 2103 1802
1584 2090 1827
1585 2096 1821
1593 2099 1816
1597 2097 1811
1498 2093 1850
1513 2103 1832
1500 2085 1848
1505 2100 1837
1506 2096 1845
1508 2088 1843
1510 2094 1840
1511 2097 1839
1511 2100 1834
1464 2085 1864
1489 2078 1861
1482 2071 1874
1472 2088 1859
1517 2054 1872
1505 2069 1878
1513 2056 1877
1520 2063 1866
1504 2073 1870
1530 2063 1861
1528 2066 1861
1509 2067 1873
1512 2076 1865
1516 2074 1860
1510 2047 1885
1515 2048 1876
