2019 3103
2102 3099
2087 3100
2045 3102
2132 3096
2138 3094
2216 3071
2181 3081
2187 3075
2182 3077
2206 3073
2229 3061
2222 3065
2224 3063
2239 3054
2176 3083
2174 3085
2153 3090
2772 2117
2771 2183
2734 2358
2740 2338
2747 2313
2746 2323
2741 2328
2735 2347
2736 2340
2764 2245
2757 2271
2758 2260
2762 2253
2748 2305
2749 2298
2750 2297
2751 2290
2752 2280
2769 2197
2767 2220
2766 2227
2753 2272
2525 2770
2536 2753
2543 2748
2559 2716
2561 2714
2552 2731
2532 2755
2550 2732
2549 2739
2531 2761
2545 2741
2522 2778
2554 2724
2556 2722
2566 2711
2568 2709
2595 2665
2591 2667
2585 2673
2588 2670
2574 2703
2583 2686
2580 2694
2610 2633
2602 2657
2609 2640
2620 2626
2613 2630
2618 2628
2626 2620
2632 2598
2628 2611
2634 2596
2638 2585
2607 2641
2606 2648
2631 2604
2601 2664
2659 2548
2662 2540
2660 2541
2672 2525
2665 2532
2678 2519
2682 2506
2683 2499
2688 2485
2687 2492
2652 2574
2645 2578
2653 2567
2657 2554
2656 2556
2725 2381
2724 2392
2723 2393
2707 2443
2715 2408
2711 2430
2712 2423
2702 2457
2718 2407
2730 2380
2692 2472
2695 2470
2733 2365
2385 2945
2383 2947
2378 2949
2375 2951
2391 2939
2388 2941
2510 2787
2514 2786
2516 2784
2448 2867
2460 2851
2466 2845
2469 2840
2463 2850
2476 2831
2453 2862
2454 2861
2456 2858
2451 2864
2468 2842
2459 2856
2474 2836
2475 2834
2509 2792
2483 2822
2485 2820
2498 2806
2493 2812
2490 2814
2496 2808
2501 2800
2503 2798
2482 2828
2487 2819
2489 2817
2480 2830
2392 2936
2394 2934
2401 2923
2400 2928
2441 2878
2439 2880
2430 2889
2428 2891
2435 2884
2433 2886
2447 2872
2442 2873
2427 2892
2424 2897
2415 2908
2421 2902
2418 2906
2423 2900
2426 2895
2412 2913
2414 2911
2407 2917
2406 2919
2277 3034
2282 3032
2254 3053
2271 3040
2269 3042
2259 3044
2276 3038
2370 2953
2367 2967
2365 2969
2359 2975
2352 2979
2360 2971
2354 2977
2301 3030
2309 3022
2307 3024
2314 3020
2325 3002
2333 2994
2327 3000
2332 2998
2341 2987
2342 2983
2347 2981
2343 2982
2340 2990
2338 2992
